/*--------------------------------*- C++ -*----------------------------------*\
| =========                 |                                                 |
| \\      /  F ield         | OpenFOAM: The Open Source CFD Toolbox           |
|  \\    /   O peration     | Version:  v2012                                 |
|   \\  /    A nd           | Website:  www.openfoam.com                      |
|    \\/     M anipulation  |                                                 |
\*---------------------------------------------------------------------------*/
FoamFile
{
    version     2.0;
    format      ascii;
    class       labelList;
    note        "nPoints:2134  nCells:5687  nFaces:13350  nInternalFaces:9398";
    location    "constant/polyMesh";
    object      neighbour;
}
// * * * * * * * * * * * * * * * * * * * * * * * * * * * * * * * * * * * * * //


9398
(
850
2930
4232
2303
3151
3820
846
4666
5279
35
809
2894
4809
190
477
4426
667
1334
4075
3065
3815
4278
1757
4016
4966
1384
3384
3907
2226
4777
5616
333
2759
3125
2758
4490
5214
21
1883
1885
3685
1898
1965
5015
3372
3896
4933
231
1870
3937
4492
79
340
1647
3077
1739
1876
3949
1138
1982
2899
1435
3052
3899
5184
780
822
2554
4918
1517
1808
4706
498
1838
3565
25
186
656
37
1532
4702
449
1172
1690
1766
2813
4647
38
1657
3241
4556
5133
5430
1360
1729
2978
3073
2318
2666
3042
3234
3493
4263
4874
590
2828
4776
5466
1376
2007
4203
2850
4949
5486
798
1711
709
1143
3787
1869
3685
1532
3483
5672
259
3545
5596
259
1141
2353
4710
810
4603
4836
5477
171
2567
3489
44
93
106
2417
4145
1525
1572
1793
4851
399
3790
3891
599
3726
5246
5574
415
745
4632
5244
1336
4636
5189
2139
3760
4418
897
898
3194
683
684
690
3442
678
1439
2567
5253
691
3507
5373
56
342
346
4720
344
3135
3355
788
3406
3451
5264
1517
1883
2394
747
1460
4200
4978
678
2566
3655
107
112
1582
3169
4513
4994
2642
3277
4245
2210
2332
5219
1419
2267
3710
4009
612
5244
5619
171
4508
5197
717
1180
1628
1955
76
1986
3135
72
281
5572
5575
1918
3756
4745
1414
1578
5574
81
108
762
1602
4545
4785
5398
346
1647
1649
4721
79
340
5327
308
2291
3080
1366
4071
4187
5299
3127
4721
1584
4643
4656
117
3044
4749
85
562
573
852
3904
4587
879
1294
1297
4683
468
477
4426
103
3016
3588
3833
4266
5051
5387
215
3954
5353
5677
97
1343
3655
2800
2917
4934
119
1011
4148
4959
625
670
3831
2105
5269
338
713
2177
1758
3938
4537
97
1343
2144
4000
2122
4264
1878
2278
4022
1172
2115
3695
5232
1156
2374
3383
2423
2538
5643
839
1388
1804
1960
162
662
3831
2033
2377
3602
3312
3584
4797
5456
268
4951
5269
1455
2182
4034
117
1749
323
869
1032
2352
372
4031
4439
4838
871
935
3182
1455
4884
847
1698
3871
5213
3422
4559
4566
122
127
2295
2825
4966
5207
2979
1983
3263
4395
5281
1734
5384
1026
1956
3457
3960
1460
1976
3373
1164
4355
1530
2049
4209
5253
1439
2566
3198
1730
1963
2735
1350
2048
2455
4330
1068
1289
521
1795
3571
1280
3182
4481
5378
1696
3091
5379
2489
3514
3993
2511
3876
3881
4813
1503
3338
4315
4865
682
3419
3618
2102
3341
4153
496
516
3134
877
1723
1731
1816
3299
3880
3890
1420
1798
1846
2340
442
3230
3316
752
823
3933
1600
1638
1930
4692
588
1857
2537
5519
670
2000
3831
3842
754
1899
3013
3519
1557
2422
2659
5602
359
422
2339
179
722
1259
5222
1527
1621
2129
1865
3090
5140
161
2769
4058
160
4630
5261
5265
1123
1124
5026
795
2869
3378
1551
1831
3699
545
861
2125
3727
380
550
4044
5061
498
3565
4450
5593
204
214
2597
4963
3482
5285
5583
934
3201
625
1043
5227
1659
4277
4340
5118
316
3273
4681
5220
1101
3040
5216
542
3435
4155
4734
1343
1608
1614
1908
2774
4596
4941
751
2430
3445
5114
1566
4455
4469
4829
3423
5253
656
3130
5563
704
3233
3724
898
1513
4780
4870
2667
4530
5496
300
3914
5580
1631
1671
2813
1899
1937
2766
3969
2993
3621
4146
208
279
3121
4537
805
2679
3178
5380
1961
2124
3108
2999
4335
4336
1596
3462
4650
1540
1544
3260
3695
5173
1076
2362
5247
5302
2526
3693
5156
3447
3612
4524
1177
4530
576
1769
5330
5372
193
1476
3271
575
2814
4846
1987
5288
5540
1296
1717
3473
207
2117
3123
3495
211
623
1537
5164
862
1462
1755
3496
2035
2555
3297
306
655
4556
5432
666
1122
3099
2401
2528
4716
1935
2220
4521
4944
1963
3965
5240
1847
1854
2908
3512
4255
5070
5158
721
1935
1763
2934
3624
1169
1307
3216
3733
215
720
5677
1056
2419
5036
257
488
2303
3151
3084
3965
4339
4339
5221
216
2011
719
2384
4298
522
1865
5175
5410
898
4870
5416
1141
3567
4091
4900
291
1031
1453
3838
3909
4750
5168
5640
1262
3893
5554
1912
3856
5102
5474
1826
2801
3100
5585
3032
4476
4978
2202
3156
3642
494
894
2297
313
894
5376
702
1119
5460
4268
4361
5332
3526
4267
4308
920
1042
5363
2646
3278
3497
4665
792
1049
2514
2563
298
1255
2736
5236
3525
3536
4128
239
329
975
4031
249
1185
4631
241
616
710
1347
3837
5365
975
2726
296
645
4564
306
642
1062
4859
651
1677
4499
1547
2190
2201
3573
2075
4633
5488
5681
3290
3562
3569
677
725
2887
5011
768
1889
476
826
1738
2742
726
1550
3333
5010
3293
4750
5559
635
3279
3304
5187
1650
2086
3663
3666
375
714
2114
518
1146
1568
4370
2310
3817
2700
3162
5651
2420
4535
4024
4212
4325
663
4393
4398
5624
852
3820
5118
909
2202
4714
799
2084
3064
394
1026
3535
4493
1700
2023
5630
600
1013
2093
5473
2165
2184
3323
4795
5248
5312
516
2174
4523
2515
2522
2775
679
705
3413
3589
781
1155
2823
4541
699
859
1116
4943
328
3740
3746
4640
277
1118
4714
286
673
500
1261
2099
5312
652
1046
3765
2415
3776
3840
447
4040
4254
443
2217
3269
3741
4485
5055
5371
461
1633
3383
1510
1666
2519
2064
5085
1878
2502
4100
4577
2715
3275
3934
301
936
2468
2744
303
3037
3677
3792
1553
3325
2772
4911
4912
1541
2577
5163
5338
336
337
4459
4977
339
1746
4977
2509
2692
1385
3324
5359
1410
1730
611
2586
4899
779
2792
4748
1617
2682
1969
3046
5524
2784
3054
942
2071
3037
4913
2306
3196
5564
5609
628
1362
2543
2940
4759
1172
2115
433
813
4650
1037
2811
3918
4742
4926
5274
315
1362
1746
589
3676
4016
590
640
3866
5486
4407
5430
324
2861
5217
320
1719
2140
448
723
2488
1560
1785
2301
2465
2033
2264
632
958
3015
1283
1725
4519
1113
3075
4450
5289
406
3595
5202
540
2535
5369
1646
2499
2615
3804
956
3688
5482
370
1713
483
1890
4097
2822
3317
3472
5498
2600
4899
5049
2285
4198
3936
4124
5315
5372
558
672
5683
1939
3073
4407
339
2086
2097
347
375
5277
3666
1986
662
968
1975
2363
1123
1128
5007
401
624
696
2391
1128
3082
3796
4217
4226
1645
4708
713
831
4792
362
506
3098
5252
1033
1043
4617
5445
567
1974
2831
735
2439
3822
4503
710
3098
4403
5276
838
2643
3309
3316
879
3437
4186
1402
1770
1778
5260
362
711
714
620
1509
2069
4068
1406
1423
3722
1083
5609
1063
4951
5117
585
2647
4399
1929
2602
4211
5061
466
3785
4458
5354
1170
3108
5682
385
950
2444
2770
644
1665
2375
4749
3256
4984
5673
1747
1749
4006
5080
2569
4031
391
505
1331
2257
3412
3889
955
1045
3544
1169
1306
3735
4391
1403
768
978
1086
1185
1711
3945
5260
5440
1008
4568
4920
4923
653
1372
1949
2215
382
1571
2216
1406
2267
4638
4641
1395
1423
1588
775
1475
3958
5545
531
2284
4169
536
1442
4351
1941
2128
3247
564
1594
2889
5377
1425
2258
4581
4869
2841
5166
5177
1775
1959
3872
658
4397
636
1418
2597
3369
1328
2180
3467
4097
4172
4355
786
2492
834
1794
5059
693
2570
5149
1565
1589
1591
4076
683
3194
1552
1977
3832
4102
1290
2381
4876
1918
3205
4036
562
3694
4073
1351
2673
4871
615
1366
1889
1205
2059
1515
2991
4604
2069
2977
4302
410
1335
3862
414
3255
4649
414
3861
4010
751
903
2841
5152
4050
4703
5125
1844
5269
1228
1954
2871
1815
4467
5223
825
2789
3147
4261
434
502
2308
4965
659
1334
4886
5603
687
1493
2055
1242
1601
5092
479
2306
425
2508
4086
456
2061
3039
4610
4739
5439
2508
2806
2856
5439
1292
2005
5241
1931
4707
5577
2431
4313
4887
1379
1386
3616
1914
3117
3747
5462
437
899
2435
819
2814
499
3233
1424
4581
5321
2262
2993
4146
5240
1427
2934
559
4347
4353
4415
5176
5232
802
2078
4575
648
1408
4146
1483
3059
1796
1802
2141
2236
5317
5570
932
3438
4023
3132
5307
5573
2358
3040
4518
2486
4347
2006
2291
1536
2190
3971
5479
454
718
3614
2658
3028
3746
732
2182
4033
2471
4208
2482
3159
4290
4979
744
2759
4170
513
1334
2192
467
2015
2195
460
565
4551
4854
890
1919
1216
3183
5175
1477
4737
5582
722
862
1754
5328
921
2456
3975
1064
1684
5164
501
565
2385
742
921
1314
573
1920
4036
4181
5200
5339
905
1602
1749
4032
1048
3504
3964
484
2880
2993
3428
762
1419
4429
5180
857
2646
3370
1107
2147
3629
1756
2749
5003
727
546
755
2730
5184
2508
2806
1112
1132
4481
5566
3752
3855
4017
1611
3998
4032
4059
2251
5556
653
2117
4762
2358
3122
5216
626
1119
4260
5463
1353
1413
3976
4099
2310
3204
5582
2547
5094
5100
5308
2003
3533
4050
4287
3471
3713
5444
1085
2585
4372
1057
3354
3747
5149
2741
3561
3082
3737
4216
2680
2808
2549
3485
4013
503
3705
544
3058
3732
4795
4796
3915
4205
525
544
4263
2696
5289
505
736
911
4872
2410
5134
711
1958
3016
802
1097
2983
4119
577
2251
2913
1190
2188
5297
1604
2661
2832
1376
1484
2544
3668
3706
4953
5105
3905
5603
4136
4738
4906
1070
3900
4646
2745
2808
1024
1486
1696
3114
3749
5043
1280
1637
2654
5566
1988
3486
3829
3851
4504
1229
2618
5633
1896
3150
3207
2131
2146
4144
3214
3941
1471
2904
5653
2627
5217
5289
661
4822
5642
5653
1402
1778
2261
680
1502
3891
4225
3582
3958
1225
4255
4690
5410
537
2485
2881
1161
1852
3470
591
803
1311
5099
2434
2687
5638
2644
2734
3719
1397
1584
2347
4793
1779
4412
4734
3377
3999
1116
4943
4947
3672
2200
2761
4080
824
2740
2336
2547
5308
4385
4674
5349
1067
1068
2295
3319
1585
2216
4211
1494
2019
3713
5210
1042
1999
3919
5358
1413
4137
4665
2148
3706
5595
2645
3045
3054
1219
1372
3824
4940
589
1691
3864
5142
2518
4310
2084
2974
4206
830
2579
3513
3868
2434
2518
3798
2664
3675
4635
5097
2919
3163
4092
3451
4249
1351
1381
2860
2447
2805
3164
1369
3301
4644
5023
1302
1416
4092
5292
2910
3358
3708
3930
572
1695
2153
3112
851
1311
5382
2935
1295
1599
4423
823
2416
4015
1356
2312
2366
2181
5606
1478
3498
3635
4411
746
1426
2360
4309
801
959
3532
3924
1650
3434
3663
3755
1423
1459
3715
4747
1270
4759
5225
5469
2851
4218
5613
4398
5153
1860
3238
4670
2169
3572
3752
4601
4800
4807
647
3598
3317
5211
829
1153
1827
3087
4084
1791
3364
3368
4312
1765
1916
1917
5414
689
2910
3348
4391
3351
3376
5464
1670
2408
3679
1080
1371
4839
5432
787
924
5009
1011
2095
3509
1338
2825
3154
1265
3396
4607
951
1699
2714
2166
2759
4170
3014
3089
3239
3288
2026
5153
5622
854
1226
4998
5320
753
2451
2797
641
862
1462
1504
2749
3927
4253
988
5389
923
4767
2756
4967
5550
1802
4328
5546
5056
5161
4220
4430
4881
5131
5455
5680
619
1176
1303
2980
1247
4334
3102
5395
2707
2987
4142
1205
4746
5202
5212
2419
4177
674
2473
3728
4121
1526
1674
3859
1066
2086
3840
5555
642
4343
1454
1531
2229
3895
1307
2031
4877
5274
2754
4334
4653
1234
2070
984
2733
3590
848
3689
4544
2158
3076
4087
2598
2604
1819
1823
3206
1354
4335
4336
4337
746
827
1428
2287
3317
5498
3814
5229
1354
692
1482
5229
934
3181
2028
3216
3294
1375
1667
1931
5421
849
3676
3621
4223
1504
2736
4735
5546
1800
4616
4619
5436
3942
5083
2279
2938
3421
4875
5256
3230
3316
4592
5454
906
4350
4422
850
2930
4426
4934
3734
4796
3291
3686
4077
3925
4148
4959
1382
1990
2552
1958
3836
2539
2610
707
2156
3368
4936
2792
3792
4748
2610
5405
1267
2268
2553
1150
1540
5397
940
2584
2787
904
4279
2268
2553
3080
688
5367
1118
1828
2352
696
840
682
1496
1990
690
3199
4499
1641
4156
5017
691
2580
2162
2795
3594
1677
2349
1241
2727
3368
4139
5361
4225
2906
4225
4499
992
1383
1859
1521
3599
4473
2786
5233
1672
4310
933
2403
832
2567
2598
4735
707
4936
856
2469
5342
3091
3955
4383
3698
1565
2157
5669
2398
2855
3318
1512
2493
5383
1083
1208
4526
5609
870
1369
2857
908
4285
1589
1896
2146
3150
2366
5318
1790
4144
3288
3480
5381
2727
3744
730
2265
4563
4693
712
4371
4905
928
4020
2114
3486
1024
1696
4383
2277
4792
907
1985
5272
756
3694
3888
4541
731
2591
2760
5098
5144
5453
2011
4381
2472
5348
1259
2220
1400
3814
738
4353
1259
1482
3814
726
3536
3911
1545
2887
2016
4864
736
1942
2406
5065
730
3318
4563
4634
1858
1272
1955
756
2821
737
1911
3644
4563
749
1672
4351
5055
958
2448
5624
738
1751
2751
2753
4495
2069
3867
1774
1835
3253
3460
775
2290
4300
2893
4184
4730
2195
2565
5356
2802
3535
5335
1965
3039
1992
2967
4221
1065
1891
3373
3558
2542
2625
3089
5107
4799
5040
953
1014
3653
4206
3431
927
1835
2459
4840
801
3335
2209
4072
4972
781
2164
4416
4472
1137
1490
5204
4521
4862
4944
2539
5122
5405
2232
2693
4272
4449
1602
4468
1665
4117
4749
1797
2414
5500
1487
2906
2955
3631
1043
1777
5227
880
2465
3087
5551
5056
783
1895
2624
3596
5561
2435
2731
5236
3412
4532
4554
2885
4299
5681
784
2390
4484
1775
2281
3593
4975
5280
4817
5046
5047
866
1211
4382
5151
1421
1422
3248
2351
5034
3658
3038
3171
3764
1030
4273
3424
4885
2765
3288
4956
5381
1519
2634
3048
3726
1308
2376
3324
1370
1688
1693
3802
2557
2558
3129
3172
1179
1882
4722
1385
2507
3961
5145
5165
952
3514
3643
4908
3382
4457
5087
959
2677
3532
3811
1075
1943
3085
809
3297
867
2974
2410
4238
5141
1595
1158
1989
2154
3390
4688
830
2057
3332
4696
1732
3329
4207
4505
4598
5035
5162
1148
4720
5035
1514
3797
4575
822
846
1056
1546
1910
1059
1647
3077
5004
2573
4248
5113
961
4700
821
2849
4251
2739
2811
4248
4525
1606
1662
2235
1287
2256
4815
1973
3236
4739
5317
3462
4730
1840
3047
3293
2411
3096
833
2555
5136
3844
4972
1641
4724
5017
3133
3134
4294
1434
3307
835
989
1296
2010
1311
3136
2576
2677
2417
2928
4145
1511
3442
846
3405
2227
3364
1465
2985
5539
1116
3391
5157
1810
1960
3432
1810
3654
1759
1772
5313
1593
3000
1607
2835
5674
4252
4946
5162
1874
2232
2253
4179
4365
4584
1365
2799
3782
2289
5146
4578
4736
1258
1342
4530
1204
2093
3813
3142
2288
3581
4826
1767
4997
4682
4727
4907
2073
3620
2920
3276
1044
2679
5380
1512
3006
1854
3737
4326
1933
3276
4129
1736
2487
3066
5686
1232
2099
5134
5262
3331
5185
5684
2378
2852
3482
1094
2487
3529
1719
3343
5393
881
1113
4715
2633
4382
3053
3956
1564
2867
5195
3383
3395
5039
888
892
5126
962
1231
2020
5206
1253
1644
1839
1326
1722
3940
4243
5166
1764
4414
5549
888
4672
4678
1867
4515
5308
2854
3031
4460
5654
893
2172
3804
3908
2668
4179
4594
2388
3902
3906
1079
2113
2722
3987
4715
3731
4843
5069
891
4854
1501
5588
902
2296
904
2842
5284
5449
1514
4191
4916
1140
1451
4532
4633
2350
3442
2735
4129
5236
3140
3936
5373
1752
1816
4680
1319
4678
1107
4219
5177
2838
3825
3051
4038
5135
3777
5432
1262
5261
1036
1391
1513
3043
918
1944
2111
913
4397
5396
4175
4455
5668
2431
3477
997
2509
2692
4495
2751
5097
5628
1173
2375
5347
1728
2590
2701
4835
2869
4457
920
3917
4384
5646
2514
5356
922
986
1496
1845
1990
4152
4159
2678
4898
5080
3611
4245
5081
5135
927
1022
1774
1987
2189
4403
1244
1713
2393
1286
2939
4333
1878
3250
5228
2188
3041
5568
2913
3465
2375
3036
4431
937
2078
2785
1073
1615
2731
2938
3421
2233
2329
2339
1742
2890
5188
1673
2709
2711
4662
2425
3623
4924
4493
4500
4962
5337
1673
2812
5607
1188
2721
3957
5150
1038
1995
2195
2637
3237
4697
1291
3021
3577
4978
1928
3258
3411
4542
1442
3312
4597
1705
5412
998
1703
2046
4890
4974
5401
956
2045
2259
5295
1019
2104
4448
3389
5636
1884
2457
5337
3822
3646
1550
4448
5579
2416
2849
3547
3830
2491
2957
3510
3348
3690
4926
2945
3067
4428
1041
4731
5480
5484
981
3086
3240
3245
2002
2427
4617
3456
3521
4655
1358
5091
5172
972
3830
5651
973
1389
5214
974
3162
5515
1449
5214
1185
1244
1573
1820
5500
995
1019
5474
5621
1053
2368
1185
2368
2726
1758
3889
4026
2835
3321
985
3050
4812
5212
989
1296
2059
1221
5501
1299
3553
1314
4458
1507
3850
4330
5565
2600
3847
4011
3595
2001
2344
5599
994
2389
5388
3109
4675
1304
3286
4435
2309
4883
1023
1545
3551
1603
2328
2641
3169
3794
2988
3991
5468
1006
1632
5018
5568
1190
1735
5294
1831
2282
3084
4099
1807
4307
5334
5545
1013
1154
5473
2092
3799
5395
1006
1632
3404
1824
4918
1338
2265
4635
5628
1151
2302
4164
2625
3835
4162
4986
1636
2244
2439
3787
3506
5384
1020
4956
5608
4947
5382
1799
2173
4891
1696
2246
5104
5379
2526
3416
4989
5590
3232
3483
5671
4065
4691
5193
3551
4914
1025
2527
1266
5122
5203
5405
4565
5540
1055
1978
3806
3808
5381
1164
2589
3500
3903
5501
1788
1913
4121
2178
3217
3825
3842
4270
4276
2186
4023
5281
4777
4937
1913
3024
3910
4572
4600
5164
2408
3931
5292
5377
1756
2863
2018
2027
2015
2525
5358
1060
4573
5231
2088
3801
5537
4346
5208
1925
1913
2173
3963
2104
4446
3444
3617
3962
1050
1077
1841
2215
5256
3401
3451
5264
1980
4372
1236
1640
4335
2025
2937
3173
1834
3444
1085
4291
4850
3752
5621
1059
1061
2570
3353
1484
5094
5100
1817
5036
1061
1910
4573
4909
1348
3663
4338
3945
4010
4600
4605
1428
4185
1361
3776
4910
1441
1443
1558
3334
3851
3319
3334
5226
2347
3291
1086
2121
3543
5548
1264
1603
2323
1617
1979
2219
2300
3349
1127
4593
1447
3055
3877
4291
4372
4849
1160
5203
5630
2172
2319
3065
1333
5553
4189
5257
5447
5453
1157
1927
2458
4895
2233
1152
2081
4798
4074
2929
5056
1265
1807
2424
1783
4175
5059
2075
2877
3857
5485
1093
3429
4196
1459
2475
2903
1640
2999
5223
1096
1102
2703
3981
2096
2365
3662
2467
3278
3718
1524
1675
2544
1104
2639
3702
4747
1104
3704
3721
4757
1139
1993
3883
1668
3844
2475
3718
1202
1584
4821
5635
1195
3718
1567
3860
4284
1283
1725
3803
4516
3627
4769
4287
4369
4387
1544
2939
3068
3260
1559
2794
3132
3516
2271
2794
3132
1879
3955
4787
4711
1446
3200
4976
1417
3799
5396
5382
1120
2065
4376
4905
4199
5419
5461
1132
1879
2922
3526
3856
5463
1266
2247
4409
1179
1882
5007
5162
2001
2775
2967
4425
2747
2749
2752
3363
3476
4942
3954
4561
5467
2866
2873
3261
3677
1133
1134
3882
5418
4376
4431
4214
4620
2564
5513
5616
3386
5185
5367
2023
2619
3103
1485
5195
1359
5305
2606
3901
1832
2214
2530
1542
4717
1246
1490
5182
1636
3806
1323
2168
4603
4794
2505
5205
5434
5566
2013
2670
5047
2860
5078
5583
4598
5004
1618
3770
5460
4535
4565
5038
2035
2311
4528
1264
4046
4671
3266
3390
2925
4131
4346
4536
3183
3926
1174
3683
4868
1182
1556
2785
2107
2179
2968
4930
1725
5631
1181
2155
4868
1176
1187
2674
4332
1249
2164
3885
1956
1181
1847
4229
5557
1168
1620
5557
1171
3253
3289
1174
1194
3511
1302
2506
1679
5072
5346
3115
4574
3499
4057
1175
5273
1193
3683
3110
4334
3661
4864
1204
2094
4126
1645
2622
1581
2594
4921
1852
5273
1273
2468
4514
2091
2095
3647
4699
1186
5044
5494
3264
5640
1829
4791
5561
2521
2925
2803
3594
4987
5568
2997
3501
4432
1933
2920
3699
1194
3152
2916
3124
3699
4940
1203
2674
3475
1198
1209
2111
5086
1206
1379
1213
4971
5509
2004
2774
5649
3469
5407
5456
1397
2294
3907
3518
5561
1708
4173
1209
1213
1441
1813
2269
5408
1214
2399
5111
1947
5652
1886
2167
2274
5532
2378
2672
1920
2935
3057
3616
1964
2901
4522
3322
3326
5466
1771
3806
2512
3085
3363
3897
1525
4189
5351
1396
2644
1284
2116
3786
4718
2652
4615
5222
1556
1980
3780
1242
2072
2386
5411
2884
4562
4615
1257
5483
2402
3013
3519
1233
1234
2440
5244
5250
1638
1861
2026
2365
2398
3318
4863
3372
5509
4485
5139
5371
1638
2070
4894
3793
2342
3953
4425
5245
3377
4667
1821
1868
2211
5581
1252
1776
4497
2269
2428
4783
1644
2709
5438
3481
4143
3382
5019
2372
3679
5215
4631
2390
2562
5299
2372
3675
2712
3988
1316
2344
2346
1252
3069
4497
2526
4190
5590
1633
3395
5423
1265
1420
2321
3921
2388
2563
2565
5354
1450
2728
2879
3500
3621
4615
5403
5410
1688
4510
5300
3123
2343
2960
4932
5055
5311
5371
1263
2003
1499
2384
5261
2328
4043
1543
4376
2469
4075
5342
4427
4892
5406
5424
2437
3530
3988
3667
4048
4514
1982
2893
3462
2386
2699
1980
3714
3243
3346
4106
1277
1293
4853
1380
1960
4594
1278
5355
1293
3416
4860
3010
4402
5587
1971
2542
2982
4029
4654
3333
4247
5010
3106
1993
3841
4002
1312
3829
3883
1457
3068
1322
1324
2206
3021
3577
1956
4504
3689
4852
5457
1610
5587
3039
5015
2845
4402
1528
2150
5678
1568
3025
2480
2150
3107
2396
3680
5119
3574
4812
2379
4192
4205
1999
2574
3918
2404
3735
1507
4088
1829
3282
4171
3117
3593
3747
5542
3348
3733
1626
2028
2379
4249
4405
1597
2156
3818
4423
2037
2046
5627
3813
2839
3786
1695
3072
3112
5354
1568
2670
4987
5598
5600
1694
3197
3335
2556
3858
4841
5316
3338
3426
3682
3994
4337
5341
1871
4207
5286
3927
4588
1515
4724
3559
4253
2397
3415
4480
5079
4342
4658
1653
1661
4870
5331
3218
4591
5556
4857
4870
5451
1348
3434
5341
4061
5134
1359
4112
5314
5133
5432
2275
3255
2729
5601
5043
5400
5406
3794
5207
1768
3649
3924
5391
2501
2688
5528
2044
2148
3003
1688
3864
2523
4029
4657
4100
4101
4577
2517
3456
5402
2830
5169
2888
1358
2994
3117
2457
4657
5539
2378
1821
5233
5650
1418
3176
4222
2888
1670
2753
3931
2132
4543
1383
1961
2124
5659
4424
2893
2975
5435
1384
2373
3907
4556
1468
1916
3268
2207
2660
3587
3742
4274
4587
2330
2877
1714
3029
5647
3775
5555
5655
2635
4382
2085
3222
3665
3775
3905
1396
4757
4694
5025
5353
1406
5074
5255
2397
3615
4677
2941
2071
2307
4475
1463
3739
5462
1944
1388
2653
2710
3523
5361
5642
4496
4675
4973
5264
2700
2926
4580
3704
3898
4664
5313
1728
2592
3830
3689
4727
4852
2862
5461
2204
3573
5159
1805
3497
4665
1481
2476
2783
4201
1406
2216
3772
4380
4875
4646
1596
4650
4652
4666
4245
5081
5255
2733
5222
2058
3630
4844
5437
3410
5277
2199
3146
3865
4230
1452
1663
3171
5481
2750
3952
4257
4985
1429
3619
5328
3740
4640
4995
2732
4963
1412
1424
3903
5321
1754
3590
5238
4098
2036
4213
1580
3247
3719
2126
4306
2970
4397
3976
4080
4211
3517
5438
2012
3143
4765
2520
3251
1590
4301
1464
4301
4379
3138
5648
1429
3624
4129
4548
4579
1480
1934
5502
2683
2770
3312
3869
1446
1934
2896
5481
2134
3380
3445
4685
1456
2287
1747
5071
5249
4715
4777
5450
2845
4194
4853
1456
1558
4948
3638
1441
1813
1905
1716
4265
5375
1447
1905
4948
2236
4663
5357
1449
3549
5515
1498
1936
3849
4027
3223
4471
4834
4037
1796
2731
1579
3764
2098
2112
1457
4096
1536
2191
1715
2632
3308
2186
2016
3027
3205
3215
3722
1741
5181
2304
3100
3885
4084
2756
1914
3748
1576
2062
2809
2010
3456
1922
3692
3789
2762
3281
4221
5517
1897
4033
2462
2944
4125
1967
2210
2466
5487
2327
2854
4854
2963
3315
5283
4809
5278
5437
1492
1542
5495
2290
3582
3597
5136
5612
3204
5414
2218
2423
2538
1812
3544
4267
4446
3270
4583
1535
1577
3292
2604
2643
3234
2550
1490
2725
5194
1771
5390
2245
3629
2557
2558
3310
4127
4651
5458
2372
1493
2051
2870
3711
2599
4091
5650
1862
1866
3143
3251
4758
2456
2012
2043
2307
4922
1934
1938
3093
3191
5589
4094
4877
5374
2327
3873
2237
3828
5530
2272
2418
5229
5550
3544
3771
4914
1516
2506
3161
3673
2490
1657
3241
4706
5103
4063
5395
5396
1527
4198
4367
2354
4081
4162
3156
4475
5472
3249
4906
4801
4802
3380
3638
5197
5253
3127
5327
2887
3351
4608
5017
2281
2872
4156
4999
5472
1753
3678
5137
5610
2380
3195
3231
5309
2104
4154
4260
2519
5487
1605
1627
4929
1544
3166
5397
1569
1745
5114
1538
4604
5333
4983
1625
1633
4258
5175
2537
3343
4991
4201
4840
1538
1684
2582
2991
1649
2601
4599
5540
1649
2582
3243
2353
3340
3791
4409
1550
1978
1817
4471
2052
5199
1551
2282
3824
1592
1611
4832
4940
3552
4999
5011
3042
4023
1773
2502
3403
1570
2605
3272
5042
1989
2055
2786
5524
2287
4110
3005
3119
5656
3879
4609
5657
1685
2113
3062
4856
2193
3843
5224
5657
2438
3101
3767
1909
5194
1791
4417
1794
2612
3819
1785
3852
2022
5115
2796
3767
4464
2014
4044
3195
3231
2912
3543
5505
1989
2983
3295
3280
4159
4269
4301
5238
1908
2166
5064
2797
4213
5009
1582
4344
2128
2280
4380
1630
1953
2214
4009
4057
4444
4754
3277
4323
2616
3286
3528
2738
4664
4944
1590
2737
2131
5310
3709
1789
4417
4059
4830
2748
5088
2867
2876
2919
3197
3924
3092
4123
1599
2157
3594
4898
5076
5080
4987
1924
4894
5295
1630
3382
4009
2338
1609
1742
1616
3932
4907
1931
2142
4985
4041
5013
3652
4000
1613
2657
4402
5267
5074
5081
2900
3634
4039
3623
5607
2580
3652
4770
2078
2228
2686
2690
2691
2584
3133
4285
1919
4405
5588
2409
4236
2773
2783
1979
2228
3623
2757
4835
5429
3382
4465
5087
1636
1651
3733
4926
5399
5678
1629
5600
2594
4771
3378
1689
5399
1735
1697
3028
5520
3505
3922
5594
5175
2542
2621
4258
2154
4132
4688
5641
2137
1654
2786
4389
2395
4463
4982
5673
2711
2581
1997
2718
4720
2172
2319
2843
2581
4656
2440
5521
1867
2471
5100
1656
5416
1846
4550
5254
1726
2886
3083
3634
5120
5394
5672
2324
4522
5111
3173
3542
4341
1718
4915
5527
5324
5451
3236
3943
2823
3038
4536
2326
4197
5319
4660
1727
2285
2815
5319
2163
5352
3973
4102
5479
2751
5072
5345
4014
2657
1718
3856
5463
1721
4191
2778
3452
3882
5119
4225
2462
4056
5454
1962
4728
4855
3716
4133
5611
2361
3043
4453
3426
4315
5324
2206
2276
5266
3243
3063
3520
1808
2881
4984
3381
5002
5674
2090
1766
3437
3109
4732
1693
1698
2088
4060
4682
4931
3864
2498
3071
1708
5029
2024
2647
2298
3929
2032
2037
3436
4519
5150
2274
4022
4957
1710
1811
4806
2986
2988
2034
2768
2925
4126
4569
3106
3392
5412
2989
4007
4165
4569
3692
3823
4856
5167
5506
5278
2665
3926
5483
2400
1782
4816
2143
4033
4110
4783
2631
4171
3859
1809
1857
1951
2266
3745
2544
4203
1816
2949
1744
4711
1950
3179
4762
5630
1972
3921
2101
4221
1945
2757
3840
4827
5435
5236
1741
1744
3012
2576
3211
3532
4095
4496
5605
4166
4943
5109
1946
4474
2008
2706
4109
2752
3134
2666
2899
3359
3498
3637
1787
5452
2787
3623
4291
4849
5444
3075
1849
4769
4859
2979
5076
2141
4257
4985
2972
2541
4946
5026
5162
5065
5367
5683
2556
4679
2965
3315
2733
3496
2062
3617
3624
2742
2825
3490
2575
3765
1760
3149
3669
1772
3000
2684
2703
3211
3519
3000
3698
4684
3938
4582
4594
4683
1897
3057
3888
5336
1937
3984
2986
4908
4231
5270
2495
5117
3183
5088
4568
4577
3569
4565
3757
3877
4607
4808
5446
2807
3534
1798
3517
3120
3353
3739
2791
3757
4300
4517
2671
4139
5496
2227
3587
3700
1880
5128
5657
1888
5585
2040
2496
2720
3012
3022
1922
2838
3789
2199
3148
3362
3589
2196
4437
2320
2956
4000
3614
5448
4024
4312
1803
3851
5408
2217
2121
3543
2225
2100
3963
5401
2614
3854
2568
4645
5031
2728
2149
5306
1806
5088
1831
4098
1810
2474
3396
4529
3478
4990
4498
4996
5268
2033
3603
5534
2103
2859
5541
1815
3695
5173
5223
4760
2556
4598
5004
2601
3127
4721
4408
5032
2885
5505
3515
4550
1828
2299
2352
1873
2829
3079
4404
4251
4652
4961
5493
3766
4284
2304
3221
2241
2624
4818
2208
3189
3890
2400
2569
4035
2089
3828
5084
2929
3962
3458
2379
3681
3920
4244
4303
5465
4089
5497
3502
3921
2255
3559
3188
3714
2205
2272
4865
1844
2105
5160
4649
2385
4458
1923
2077
2409
4326
1851
2690
5131
2049
2119
2793
2963
4095
2691
4726
3461
3144
3357
4415
3788
1887
4790
5504
2382
4282
5210
5348
1863
2357
2702
2855
4281
4732
3113
3283
2249
2943
5106
3320
3471
2395
4807
2776
3256
4463
5671
2244
5633
5210
5234
4202
3144
4623
5643
1885
4702
2231
2253
2974
3529
4891
2060
2704
3047
2116
5032
1875
2224
2693
5290
2318
3583
4809
3768
3769
5291
4371
3843
3978
3273
4450
5593
4942
3701
4534
4706
2868
4005
5638
4517
4676
4071
1902
2454
4309
5544
2254
3534
5297
2548
5163
5526
1899
3071
3335
4305
4605
5033
3367
3816
2821
3281
4052
5057
3529
3019
3129
5258
3268
4755
5417
2155
2175
2062
2820
3613
3500
4223
5321
3055
3574
4331
5048
4716
5338
4193
5303
1911
2804
5477
4693
5194
2106
3525
2961
3697
2966
4261
5024
5529
4752
3057
4737
1920
4249
3756
2301
2708
4408
5551
3024
5436
1943
2313
4636
5420
3917
4958
2720
3593
5542
2510
2533
3157
3408
3419
5361
2928
4845
3393
5420
5423
3943
1940
1948
3986
2433
2117
2738
2025
4547
4627
3013
2025
3270
3034
5086
2397
2755
3612
2613
5062
5198
2084
2837
4237
5254
5090
2592
5623
3066
3327
2975
3034
2818
4250
2117
2120
3176
2280
5661
3389
5482
2072
4973
5411
1955
5092
2701
2945
4778
2643
3309
4586
1988
5252
2160
2801
3757
4683
4281
2746
3227
4963
2208
3299
4250
3125
2834
3168
4835
2332
4242
4269
1972
3664
4467
2890
5188
2067
2246
3568
4483
2023
3070
5630
1998
2326
4086
5564
2804
5095
2607
5252
3022
5258
3572
3575
4115
4601
2787
4820
5265
5583
3092
3754
4400
3485
3909
4712
4814
2003
4051
3355
2827
3836
1994
2543
3188
4849
2345
2701
2844
3786
2552
4551
5358
5363
2931
4417
4437
2499
4165
2816
5666
2027
2989
4007
4138
5329
2363
4619
4369
2337
5243
2061
2110
2697
2959
4422
2706
4122
4763
2307
4122
2010
3473
3521
4694
4109
4651
5471
5514
2737
4410
2608
3975
4036
3298
3917
5646
2525
4524
2038
4561
2655
3547
3896
2924
4233
5060
5415
5112
5114
2836
4054
2943
4394
5358
2029
2031
2030
4564
2031
3422
4878
2034
2768
5627
2714
3296
5440
5201
5490
2489
2044
3713
2427
2607
4403
2437
2712
3847
2188
2254
3041
4049
4055
4894
3807
4651
3706
2836
4049
3514
2049
2053
2145
3652
2457
5335
2066
3119
4183
4283
4497
2055
4293
4659
3575
5475
3625
4234
2795
3413
4819
3046
2717
2990
3178
3513
4959
2127
3122
4889
2293
2747
4303
2136
3118
4842
2220
2652
5222
2226
4937
2878
4503
4224
4234
2243
2247
3009
2421
3379
4933
5652
2488
3546
4055
2891
4922
3384
2503
4163
2092
2992
3738
5614
2212
3035
3484
3498
4622
2340
4389
3797
2596
2921
5635
5174
5208
5502
2323
2511
3302
4386
5285
2429
3959
3969
4396
2406
2855
3802
4821
3082
3796
4368
3929
3674
4420
2446
3222
2094
3993
3736
2094
2095
3436
3651
3422
4878
2921
3387
5481
5502
4061
2498
3071
3640
2522
2967
3333
3342
5538
4507
4588
5003
4114
4847
3856
4915
2965
3968
2189
2197
2427
3469
5146
5213
5486
2136
4152
4457
4470
4536
5208
4149
4275
2719
4805
3363
3476
2839
3908
2330
4187
4976
2145
3627
2738
3177
4757
5161
2560
2566
3632
2833
3187
3691
5365
2968
5283
2433
2587
2602
3254
3488
2163
5216
4392
5426
4246
5487
2280
3454
5426
4076
4234
5270
4620
5124
5170
2138
5670
2245
2771
2906
5512
4160
5063
3536
4070
3445
5152
3282
3521
4655
2377
4498
2235
2902
5577
3268
3886
2907
2956
2958
3362
5110
5123
5589
2300
5408
3433
3059
3229
3494
2348
3375
3832
3957
5107
5157
3328
2454
2458
2227
3364
2196
3563
3566
2160
2424
4307
2292
3069
2483
2484
2675
3834
4144
5663
4889
4084
2167
2171
2277
3292
2170
2177
2540
2789
4945
2780
5016
2171
3300
3167
3845
2743
2745
3275
3470
5552
2906
3425
3979
4039
5532
3836
3846
3086
3220
5116
3716
4226
5552
3218
5556
3658
3019
3074
4194
2277
2417
2322
3915
4192
4438
2389
2793
5606
2830
2191
5475
2222
2268
3723
2445
3101
4167
3289
3826
4244
5465
3364
4617
5445
4232
4491
5533
2931
3720
4085
2222
5159
5419
3367
3816
4936
4836
5464
2206
3455
3120
3744
5647
2477
3687
3499
4754
4280
5643
5662
3857
4299
4019
4220
4379
5058
2282
3824
2642
3421
3916
4411
4576
3939
5306
2593
3687
3986
2229
2684
2954
2957
5192
2231
2861
2305
2313
4779
2283
2425
5231
5477
3620
3999
4155
5217
2250
4308
3884
2250
2348
2788
4743
5317
2477
4257
3674
4243
4988
3488
3683
4079
2447
5095
5368
2403
2510
2840
4200
5181
3212
3225
4288
3090
3568
3099
4393
5123
5070
5392
3099
4905
3318
3662
4634
2618
2858
4449
2840
2883
5394
5597
4308
2261
5522
5559
2628
3397
3366
4195
5505
2911
3928
4582
2263
5478
3633
3980
4039
2914
3504
4141
2266
3389
3343
5534
2702
4686
5154
5597
4090
4442
2697
2370
4096
4112
5305
2273
3539
4823
2500
3849
5573
2502
2868
4101
4528
3642
4589
4865
4025
4960
2532
3004
2586
3591
4661
3700
4423
4289
4309
5517
2290
3002
3539
5101
2996
4962
5202
2298
4950
2697
2801
3100
2480
3550
4465
5019
2360
4804
2778
3414
2444
4687
3802
3075
5452
5541
3879
4168
2311
4511
2918
2559
4163
4412
5536
2312
3423
4209
2412
5606
4180
2554
3233
4543
2504
4550
4593
5254
2879
2880
3621
3388
3555
5197
2944
3423
3494
4508
2914
3041
3989
5551
2955
2958
2886
3517
2779
5639
2329
3876
3880
2779
3784
4107
5355
3236
2853
4630
5615
2335
2511
2333
3118
4941
5066
3008
2877
3200
2628
4811
5121
2338
2339
2806
4282
5234
2740
5352
4897
4042
2350
3442
3446
5120
3660
4322
3378
4921
4606
4606
5329
2591
2834
5600
4555
4454
3942
4772
5416
3079
4918
4937
3259
2905
3446
2414
2877
5161
3018
4240
4259
2648
5482
4181
4779
5085
5567
4169
5648
3790
4780
5567
3349
5304
3846
3556
5537
5614
4566
5330
2372
2751
3679
5097
2817
2422
2659
4042
4919
5408
3609
4705
4801
3900
4910
2665
5037
4057
3074
3406
4194
3175
4190
4210
4851
2391
5318
5467
5677
3455
3577
3858
5634
4386
5554
4551
5092
3003
3954
5349
5589
2453
5610
2393
3724
3491
3503
3555
2400
5299
2485
3745
3634
5331
2629
3222
4526
5323
3424
2407
3811
5320
3157
4158
5292
3071
4241
4887
4353
2622
4722
4882
2909
4872
3990
5442
2913
3465
4883
3066
3959
4204
5686
3857
2421
4939
2814
3338
3783
4603
4794
4710
4785
5435
4389
3484
3069
3797
2467
3278
4137
3050
5212
2766
4238
4349
3439
3449
4872
2729
4636
5295
3124
2444
4375
2562
2662
4187
2496
5091
2441
2605
2878
5521
4258
2445
2452
3160
5189
5420
2517
4008
4655
4893
3561
2449
2617
4863
5045
2506
3161
3026
4157
2461
3759
4416
2621
2625
3835
4201
4324
2461
5658
3394
5354
2510
2840
2952
4029
3618
4868
2797
3997
5069
3895
4572
5231
4414
3229
3140
4770
4867
3107
3432
3654
4084
4416
2515
4239
3809
2785
3682
5343
3686
4077
5343
5096
3894
4298
2481
2748
3309
2748
3309
4196
4747
2773
4324
5490
2593
4663
3082
3453
3737
3974
2503
3078
5342
2631
4083
3672
3728
4227
5594
4227
5325
4148
4151
5325
4802
3653
4069
3064
4482
4068
3436
3110
5565
4319
5196
4270
4271
4161
4688
5427
4348
5145
5262
3167
3323
4424
2954
3327
5192
4030
3272
3841
3939
5226
3193
4649
4022
2512
2512
3085
2513
2529
4761
5364
2563
3906
2753
3313
4163
5205
5543
4384
5487
2688
3186
5228
2523
2977
2522
2865
4748
2714
2721
4008
4626
5023
5349
2895
3681
2620
3805
2577
2622
5526
2531
2620
3805
2640
4532
4761
5379
2998
3366
4306
4895
2535
4793
4807
5673
4800
4993
2540
2541
3352
4501
5534
2870
5591
2611
5518
2548
5005
3103
4295
2550
3566
3567
4108
3466
3788
4093
3225
4494
5036
5518
3303
3565
4210
3964
3965
4141
2904
3078
2555
3671
4364
4434
5667
3100
4356
3198
3199
3622
2572
3298
3912
2924
3670
4420
4612
3670
2651
4365
4584
2640
3821
3567
4108
5491
5492
3061
3411
5576
4525
5441
3919
4677
4012
4026
4881
3868
5326
2581
4716
3650
4979
5320
3509
3648
4699
3655
3659
5036
5163
2816
3049
4467
4509
5309
5351
4975
2639
4747
5061
2597
2598
2732
3535
5665
2844
5623
3168
4490
3952
3548
3995
4112
5314
5495
4980
5087
5221
3464
5314
3524
4004
4276
4080
3141
4373
5603
3369
3750
2989
3874
5366
3098
2895
3878
2808
3252
5470
4393
4157
5127
3479
5053
3702
3898
4321
3848
4616
3795
5042
3361
4004
5242
4167
5660
5403
3957
5150
5547
5205
5507
2990
3174
3648
4171
3006
3457
3468
5665
3274
3337
3768
3952
3986
5079
3553
3717
4083
3596
3886
4885
5415
2636
2672
3127
3356
4271
4674
5023
2637
2782
2705
5439
2651
4041
4359
5013
3124
5422
4439
4644
4788
3772
4968
2890
4509
4903
3546
4394
4640
5519
2767
3185
3370
3727
2695
2744
2784
3305
5030
5031
4531
2668
5030
3070
3791
2760
4912
5429
3239
3480
4481
2663
2943
5637
2661
2709
5647
5668
2663
4233
4547
2709
2819
3656
4498
3325
2671
4232
4365
3479
4469
5516
3527
3029
4829
2673
2705
3110
2676
4132
3328
3834
3159
3208
3048
3051
3649
5629
3274
4294
2686
2689
4873
2744
3707
3732
4797
2953
3981
2695
2810
5469
4727
4310
4351
3725
2690
2947
5680
3932
4567
4994
4103
2698
4272
5625
4048
3274
3705
3723
5562
5621
2760
4911
3616
5206
2834
3802
4950
2981
3529
2747
3559
4253
3237
4871
4758
2942
3261
4763
3206
3987
4168
2764
5078
5077
2754
4318
4743
5102
5474
3018
4087
5465
3026
3053
5127
2988
5629
4007
4279
3104
3402
3410
5409
3392
5412
2829
3853
4462
2858
4996
5535
3092
3949
4123
4928
5193
4430
4816
2736
5478
3499
5041
3128
5062
5179
5422
5240
3128
5198
3612
5323
5362
3844
5243
3556
3738
4285
4891
5286
4045
2747
2752
3108
3463
3235
3985
3294
3847
3447
4479
3617
3547
4037
5057
4198
4879
3185
3202
3727
4003
4228
2796
3841
4002
3523
3881
3890
3390
4786
4305
2875
3184
4196
3657
5473
3184
3185
3710
3011
3732
3425
5511
4933
4938
5411
3116
5569
4178
2790
3232
3676
4966
5300
4488
4190
4461
4601
4608
4273
4571
4600
2857
5439
4367
2810
3677
3751
4449
5625
4724
2927
4463
2794
3002
4698
4292
4296
3218
5610
3409
2803
3272
4833
3150
4118
5310
2930
3904
5533
2819
5484
3850
4330
3527
2867
3644
2826
2831
2919
4897
3167
4955
3705
2820
4019
2873
5362
4662
4925
4732
5072
4677
5441
4622
2820
3444
4430
2901
3612
3694
3888
2828
4635
5499
4034
4627
2932
4753
5237
5414
2898
2916
3933
5442
5413
3586
3908
5446
2867
5188
5602
3016
3190
3588
4606
3086
5636
3064
3892
5686
4121
5284
3217
2913
4773
3804
4279
3795
5370
4003
3010
3244
3398
3406
4713
3470
4217
4226
3912
4822
4880
5646
4015
4065
4686
5498
3242
3796
3302
4540
2854
4443
4477
2857
3301
5106
2862
2863
3482
4681
4446
5003
3534
5294
5297
5301
2866
3257
3792
3753
4932
5584
5662
2874
2945
3589
4456
2951
2946
3285
3370
3429
2889
5195
3787
2884
4762
4802
5506
3745
4463
5154
5154
5671
5661
4195
4734
4601
4337
5204
3045
4924
4925
3474
5248
5489
2897
5279
3447
3887
5485
3949
4809
2919
3152
3092
3838
3425
3680
5323
3360
4985
3131
3730
4854
2907
4264
3633
3246
3420
4093
3512
3610
3465
3690
4581
5503
3758
3916
3583
3611
3726
5075
3944
3782
4731
4538
5237
3497
4821
4104
4447
2948
3067
4363
4484
4363
5510
4982
4792
5548
3782
4230
2933
4341
4538
4377
5008
3121
4073
3061
3298
4958
4341
4627
5008
4375
3166
3995
3192
4188
3668
4142
3251
3257
4585
2946
2948
5515
3060
5089
2950
3306
4390
5510
5515
3967
5459
4088
4330
2957
3923
4474
3979
3980
3631
4000
3777
4839
3067
4580
4921
3025
4423
4837
3587
3742
3748
5659
3385
3638
4082
5275
3351
3522
4247
5329
3463
5275
2984
3011
4502
3011
3734
4132
4151
4161
3051
5080
3530
3983
4654
5652
3208
3647
3922
3867
3284
3947
4117
2982
3988
4654
3211
4207
4088
3195
2992
3105
3492
3701
4701
3056
3212
4506
5468
3971
3011
3799
3123
3114
5400
3104
4723
4810
3492
4534
3402
4557
4329
5505
5563
3209
3409
5224
4300
4561
3443
3765
3516
4167
3391
3157
3735
4306
3630
4269
3094
4409
3023
4658
3136
3266
3554
4399
3839
4981
4989
5634
3115
3244
3030
3139
4713
3032
5667
3244
3373
4527
3749
3033
3207
4118
4394
4174
4443
4460
3398
3407
3451
5266
3036
4503
3073
3887
5488
3053
4376
3045
4296
4344
3430
3844
3042
4780
4429
4901
3712
3712
4244
5183
4595
4760
4919
4660
5071
5271
3305
5304
4406
5459
3724
3728
3493
3698
4876
3615
5421
3063
3065
4278
5259
3097
3966
5344
3885
3340
5130
5155
3284
3129
4713
3279
5470
4909
3897
5027
3081
3363
3897
3435
3664
4661
3219
3989
3948
3950
4740
3112
5378
3099
3805
4066
5595
5679
3791
5434
3464
4613
4614
4729
5493
3221
3989
4845
3843
3736
4302
5107
4805
3801
5614
3158
4592
3113
3286
4004
4818
3136
4669
3117
3697
5465
4246
5490
4610
5425
5660
3821
4375
5218
5339
3369
3427
3262
3307
3308
4529
4735
3139
4336
4350
4422
4196
4828
4105
4708
3440
4512
4874
4172
4185
3172
4231
4910
5555
3145
3151
3904
4109
4595
3155
3479
4695
4745
3345
4070
4120
5310
3560
4684
5680
3155
4079
3224
3245
4358
4635
5413
4113
4857
4391
5029
5155
3922
4964
3170
3393
3164
5510
3254
4079
3944
3263
3585
5344
3545
4879
5207
3180
3600
5488
3450
4340
3329
3868
3604
4642
3495
4134
3721
3809
3329
4380
4875
3605
4639
3202
4085
4516
5130
4690
4828
3201
3187
3250
3725
3564
3667
4663
5138
3501
3564
4286
4624
4630
3213
5225
3725
3837
5160
4780
5113
5360
5391
4082
4081
5485
3202
3874
4719
4810
5237
3865
4436
4462
4478
3646
4699
4609
5657
4056
4125
4578
5326
3668
4406
4215
4406
4263
4512
4143
4478
4864
4158
3763
4095
3220
4366
3970
5259
4505
4598
3226
4645
4215
3238
3245
5613
4855
5002
3433
4592
5454
3230
3295
3311
3628
3952
5570
3283
5611
5378
3242
4368
4702
3245
4599
5258
3703
4553
4883
5062
4765
5580
3673
4136
4235
4025
4825
3705
4089
3569
4092
4100
5528
3478
3261
3265
5642
3545
3977
3585
5288
5459
3281
5517
5428
4811
5508
5522
3399
3411
3288
3932
5345
5399
3962
4116
4328
4340
4614
4846
5129
4303
3727
5067
4903
4089
3953
4767
3287
3473
4435
4675
5676
5430
3549
4632
3827
5057
3290
3826
4886
3773
3826
3644
3931
3780
3862
4528
5440
4522
4005
4955
4788
3482
4712
5497
4668
4712
5497
3707
3671
3693
5544
3396
4342
4658
5667
4263
4586
5407
3876
3884
4110
4741
5101
5610
3654
3592
3849
4188
4487
4358
5013
4053
5385
4951
4853
5355
3838
4776
5186
4413
5099
3650
4998
5196
4204
5685
3510
3925
4314
3341
3579
3342
4247
5529
3339
3937
4294
4678
4018
4492
5203
5579
4268
3358
3371
3703
4261
4361
5338
4252
4489
4505
5302
3371
3610
4136
5010
4945
4946
5235
3593
5280
4720
4570
4909
4760
5592
4136
5560
3502
5666
3982
3985
3528
5046
5052
3365
3367
4473
3443
3816
3495
3420
3379
3459
4419
5152
5670
3751
4115
3522
4834
4836
3435
4971
3385
3388
3641
4041
4855
5019
3557
3892
5065
4459
4980
4685
5107
4519
3395
4639
3785
5639
4027
3779
4588
4460
3912
4822
3408
3418
3985
3407
4384
3839
4723
3753
4920
4511
4923
4648
5034
5068
4542
4698
4557
5571
4439
4927
3426
5119
3419
3615
4401
3784
4981
3591
4819
4927
5251
3419
3628
3512
4329
4585
4035
4940
4968
3504
5256
4903
3538
4518
4219
5114
4683
4931
3448
5641
4126
5678
3754
5021
3440
3445
3491
4074
4629
4858
3889
3613
4421
3755
5340
4512
5112
3873
4443
3680
5511
4366
5558
4521
4562
5661
4866
5048
3460
5136
3940
4772
4574
5491
4216
4217
5000
4184
3678
5137
4133
4591
4331
5565
4775
4295
5182
5499
5051
5311
3518
4331
5565
5176
3639
4067
4983
5672
4787
3816
4478
4623
5044
4719
4704
4710
4784
4895
3507
4585
4776
5413
4685
3595
3494
3503
3729
4842
3699
3839
5077
4874
3651
3834
4970
3509
3513
4861
3509
3537
3648
4696
3673
3944
4236
4848
5581
5224
3717
4083
3532
3766
3860
4489
5024
4871
5138
4011
5050
3911
3774
4320
5047
3760
5091
4214
5124
5511
3948
4051
4955
4182
3657
5473
4441
4972
3597
4352
4408
4464
5128
3911
5011
5012
3820
4538
3758
4054
4399
4428
4921
5178
3553
4173
4448
3832
5012
4398
5624
3729
5449
4419
5670
4978
5587
5522
3669
4140
3738
3798
4744
4764
4087
4240
4825
5132
4613
5158
3866
4621
5443
3863
4919
3855
5199
4608
5016
3717
4102
3578
4775
5443
5632
3584
5456
3851
5239
4025
4557
4960
5277
4548
5101
4262
5437
5248
5489
5293
3763
3848
4175
5082
4473
3903
4456
4899
3597
4262
5669
4083
3849
5142
5449
5149
5280
3601
3607
3743
5189
3603
3604
3609
4803
3605
3608
3607
3609
3743
4904
3608
3609
4235
5183
3617
4851
3919
4401
4223
5321
5503
3682
3631
4499
5083
4582
3652
4867
3639
4064
4890
3629
3631
5079
5218
4081
4264
4421
3636
3637
4659
3807
4127
4935
4313
4974
5401
4140
4552
5266
5419
3645
3993
4699
4902
3646
4917
3651
5468
4028
4701
5586
4969
4890
4426
4934
4520
4034
4770
5373
4425
5599
4143
5496
4888
3665
5641
5555
5603
4338
4759
4288
5664
5356
5316
4586
4391
4256
5499
4913
3968
3974
3693
4390
4466
5394
5601
5604
4990
3755
4555
4250
3746
5520
4736
3930
4808
5082
4278
5592
4427
5406
5514
3749
4837
5539
3704
3715
3708
4509
4883
3715
4321
3996
4444
3914
4292
4293
4953
4514
4218
3721
4380
4080
4429
4641
3972
5365
4508
4442
4641
5022
5649
3734
3738
3742
4692
5637
3758
4116
5601
5604
3821
4816
5235
4837
5042
5658
4017
5296
5281
4643
4737
5582
4317
4283
5660
4435
3879
4408
5128
4433
4655
4893
3825
3908
4633
4537
4356
3978
3779
5220
3778
5006
4018
4447
3778
4267
4452
5255
4198
4367
4447
4492
5553
4001
4422
3779
4507
5309
4544
5330
5457
4679
4841
4461
3915
4905
3974
3815
5084
5566
3822
5521
5628
3804
4913
4302
3801
3870
4502
3956
5073
3955
4135
3955
4787
4134
3853
3854
4275
4964
3858
4989
5156
4969
3845
4113
4325
4473
4936
5149
4455
5059
3854
5436
4616
4750
4228
4490
3891
3842
3874
3833
4138
5594
5543
3842
4020
5305
4733
5655
3901
5284
4616
5389
3853
5665
4147
4168
4115
4866
4111
4149
3862
5190
4812
5404
4120
4745
5093
5683
4502
5433
3871
3929
5433
4307
5545
4434
3883
4315
4316
5451
4183
3975
4479
3881
4625
4214
4488
5111
4486
5481
4073
5684
3935
4369
4202
5098
5348
3910
4912
4392
5022
5282
4373
4165
4107
5639
5516
3972
5359
4646
5044
5398
5333
5474
4576
5580
5591
5584
4329
4525
4958
4388
4405
5666
4696
5326
4917
4304
4690
5003
3938
4012
4742
4158
4015
4087
4523
4952
5144
4861
4507
5217
5573
4773
4965
5112
4419
5319
5190
3947
4827
5553
5133
4050
3951
4046
4051
5620
4242
4385
4516
4131
5298
3961
3966
4812
5048
5404
4204
4967
4028
4661
3969
3992
5225
5469
3970
3984
5558
3973
5472
4839
4999
5558
4401
5221
3995
5495
4464
3980
4482
4542
5578
4008
5431
3992
4147
4462
5293
5428
4520
5627
4413
3999
4667
4333
4442
4828
5076
5249
4090
4638
4938
4973
4345
4221
5049
5301
4032
4062
4072
4654
4078
5269
4653
4021
5494
5593
4485
5263
5367
5442
4751
5376
5625
4105
4430
5160
4831
4869
5053
4432
4838
4607
4948
4030
5391
4354
4078
4344
5058
5020
4468
5067
5120
4297
4824
4552
5438
4046
5618
4896
4048
4514
4052
4632
5178
5241
5295
5679
5015
5020
4265
5375
4055
4060
4058
4444
4062
4736
5454
4796
4440
4824
4064
4067
4069
4637
4286
5322
5396
4069
5332
5143
4441
4445
4850
5257
4077
5663
4090
4445
5083
4901
5536
4613
5377
4553
4738
5274
4333
5552
4099
4339
5531
4164
4272
5626
5460
5463
4294
4599
5033
4176
4240
4153
5525
5053
4154
5579
5548
5071
4436
4191
4575
4436
4475
4916
5279
4549
4578
5315
4411
4360
4915
5328
4688
4786
5427
5157
5676
4222
4659
4922
4925
4222
4733
4143
4312
5455
5240
4763
4847
5287
5328
4149
4150
4151
4166
5617
4154
4163
4412
5011
5624
4160
4269
4844
5383
4533
4568
5383
4804
5303
4493
5212
4829
5668
5355
5359
4602
4604
4239
4425
4186
4357
4695
4254
4360
5332
5538
5247
4846
5314
4500
5336
4295
4494
5448
4192
5064
5649
4554
5360
5564
4200
4476
4208
4916
4249
4347
4891
5098
4224
5115
5096
4323
4230
4312
4437
4324
4494
4229
4226
4769
4831
4543
4290
5623
4326
4357
5372
4627
4628
4236
4238
4872
4887
4241
4242
4305
5530
4280
4526
4700
5024
5572
4689
4612
4988
5423
4574
5491
4446
5461
4945
4804
4266
5387
4799
4507
5538
4276
5014
4452
4276
4605
4731
5480
4856
4583
4590
5480
5191
5682
4515
4472
5585
5615
5447
5094
4311
5298
4314
5586
4293
4296
4849
4922
4440
4518
4756
5500
4314
5325
4327
5334
5544
4974
4319
4589
4865
4517
5585
4454
5012
5586
4327
5102
5198
4766
4768
5180
4357
4743
4967
4653
4791
4343
4667
4859
4541
4362
4390
4350
4352
4464
5484
5134
5141
4396
5141
4799
4718
4838
4881
5648
5259
5031
5028
5030
5527
5529
4364
4388
4580
4374
4405
4368
5043
5514
4383
5309
4886
4434
5588
4378
4753
5060
5417
4869
4386
4540
5148
5353
5144
5453
4390
4664
4862
5622
5153
4404
4729
5493
5145
4404
5018
4480
5225
4977
5062
5179
4997
4416
5581
4433
5052
5083
5513
5120
5542
4433
5052
4778
4481
4825
5281
5344
4441
4754
5290
5291
5626
5006
5562
4714
5085
4743
4927
4980
4470
5590
5635
5340
5341
5180
4491
5086
4836
4497
4482
4913
5419
5645
5654
4480
5392
5434
5415
4774
5415
5417
4494
5234
5126
4834
4829
4558
4563
5628
5659
4642
4539
4789
4800
5404
4725
5366
4513
5045
4918
5300
5348
5155
5468
4531
5470
5362
4677
4618
5436
5334
4562
4986
5427
4962
4545
5596
4548
4962
5147
5484
4549
4546
5038
5230
4976
5372
5233
5664
5388
5054
4643
5335
5337
4564
4567
4567
4994
5045
4744
4863
4863
5029
4573
5014
4572
5014
4573
5458
4582
5503
5090
5174
4611
4647
5315
4590
4857
5118
5605
4848
4623
4610
5303
4687
4751
5186
4605
5164
5333
4604
5464
4676
4669
4670
4620
5492
5501
4618
4619
5211
5385
4623
5666
4626
5589
4820
5078
4644
5008
5060
4703
5350
4644
5143
5619
5054
4902
4928
5498
5074
4642
5039
5037
4670
4669
5336
4652
4666
4700
4821
5402
4662
5347
4935
4757
4704
5187
4798
5265
5620
4673
4680
4678
4679
5025
5675
4698
4711
5290
4736
5089
4691
4954
5376
4690
5390
4693
4996
5106
5147
5582
4739
5317
5629
5679
4717
4706
4904
5421
5576
4721
4871
5138
5357
4784
4900
5032
4805
4725
4733
5345
5346
5131
5346
5428
4846
5560
5322
5618
4746
4826
5560
5038
4783
4901
4764
4776
5213
4755
5414
4755
4952
5554
4763
5392
5661
5230
5458
5245
5250
5245
4782
5598
4778
4782
5600
5530
5152
5263
5685
5093
4781
5513
4782
5250
4814
4814
4956
4897
5167
5504
4993
5369
5050
5523
5518
4797
4813
4803
4806
4806
5169
5366
4815
4820
5522
4819
5242
5050
5047
5645
4841
4866
4830
5246
5202
5655
5108
4881
5075
5081
4898
5009
4843
5238
5064
5063
5287
5160
5276
5176
4953
5105
5096
4873
5455
5125
5257
4981
5267
5315
5426
5270
4876
4878
5364
4888
5429
5068
5654
5215
5377
4885
5058
4974
4902
5368
4941
5066
4893
5431
5179
5644
5132
5095
5103
5374
4929
4917
5411
5562
5109
5294
5109
5607
5182
4931
5000
5116
5090
4939
5077
4939
5569
5024
5384
4954
5146
4954
5098
5444
4986
4960
5001
5027
5034
4979
5115
5422
4970
5099
5652
5409
4992
4990
4993
5608
5170
5209
4995
5519
5523
5504
5393
5393
4998
5192
5002
5277
5532
5507
5526
5626
5035
5199
5472
5021
5178
5568
5069
5243
5148
5507
5493
5313
5664
5412
5039
5051
5055
5184
5347
5370
5471
5251
5471
5681
5644
5066
5135
5646
5249
5104
5682
5271
5631
5108
5227
5567
5680
5424
5486
5100
5604
5390
5350
5637
5246
5171
5177
5609
5674
5260
5331
5129
5508
5271
5631
5512
5512
5447
5450
5271
5220
5378
5187
5183
5388
5165
5262
5158
5410
5537
5299
5151
5151
5316
5382
5477
5685
5209
5534
5230
5398
5365
5171
5512
5209
5400
5424
5563
5480
5452
5282
5263
5375
5440
5200
5339
5490
5196
5194
5201
5572
5215
5509
5651
5300
5467
5466
5407
5219
5339
5291
5641
5239
5531
5592
5462
5306
5617
5251
5282
5245
5575
5425
5351
5667
5278
5285
5272
5632
5483
5535
5620
5557
5283
5287
5380
5293
5442
5296
5301
5545
5307
5573
5541
5656
5312
5457
5679
5331
5343
5595
5569
5363
5570
5441
5368
5374
5549
5551
5386
5387
5476
5489
5409
5596
5539
5535
5433
5450
5616
5644
5431
5656
5476
5446
5453
5479
5489
5597
5612
5612
5508
5506
5638
5593
5567
5533
5636
5673
5602
5527
5538
5531
5564
5547
5550
5608
5658
5640
5576
5578
5575
5578
5591
5601
5599
5675
5613
5618
5619
5625
5633
5634
5653
5662
5669
5672
5676
5686
)


// ************************************************************************* //
