/*--------------------------------*- C++ -*----------------------------------*\
| =========                 |                                                 |
| \\      /  F ield         | OpenFOAM: The Open Source CFD Toolbox           |
|  \\    /   O peration     | Version:  v2012                                 |
|   \\  /    A nd           | Website:  www.openfoam.com                      |
|    \\/     M anipulation  |                                                 |
\*---------------------------------------------------------------------------*/
FoamFile
{
    version     2.0;
    format      ascii;
    class       labelList;
    note        "nPoints:2134  nCells:5687  nFaces:13350  nInternalFaces:9398";
    location    "constant/polyMesh";
    object      owner;
}
// * * * * * * * * * * * * * * * * * * * * * * * * * * * * * * * * * * * * * //


13350
(
0
0
0
1
1
1
2
2
2
3
3
3
3
4
4
4
5
5
5
6
6
6
7
7
7
8
8
8
9
9
9
10
10
10
11
11
11
12
12
12
12
13
13
13
14
14
14
15
15
15
15
16
16
16
16
17
17
17
18
18
18
19
19
19
19
20
20
20
20
21
21
21
22
22
22
23
23
23
24
24
24
25
25
26
26
26
26
27
27
27
28
28
28
29
29
29
29
30
30
30
31
31
31
31
32
32
32
32
33
33
33
34
34
34
35
35
36
36
36
37
37
38
38
38
39
39
39
40
40
40
40
41
41
41
41
42
42
42
43
43
43
44
44
45
45
45
45
46
46
46
47
47
47
47
48
48
48
48
49
49
49
50
50
50
51
51
51
52
52
52
52
53
53
53
53
54
54
54
55
55
55
55
56
56
56
57
57
57
57
58
58
58
59
59
59
59
60
60
60
61
61
61
62
62
62
63
63
63
64
64
64
65
65
65
65
66
66
66
67
67
67
68
68
68
68
69
69
69
70
70
70
70
71
71
71
72
72
72
73
73
73
73
74
74
74
75
75
75
75
76
76
76
77
77
77
78
78
78
78
79
79
80
80
80
81
81
81
82
82
82
83
83
83
84
84
84
84
85
85
85
86
86
86
86
87
87
87
88
88
88
88
89
89
89
90
90
90
91
91
91
91
92
92
92
93
93
94
94
94
95
95
95
96
96
96
96
97
97
98
98
98
99
99
99
99
100
100
100
101
101
101
102
102
102
102
103
103
103
104
104
104
105
105
105
105
106
106
106
107
107
107
108
108
109
109
109
109
110
110
110
110
111
111
111
112
112
113
113
113
113
114
114
114
115
115
115
116
116
116
117
118
118
118
118
119
119
120
120
120
120
121
121
121
122
122
123
123
123
123
124
124
124
125
125
125
126
126
126
126
127
127
128
128
128
129
129
129
129
130
130
130
131
131
131
132
132
132
132
133
133
133
133
134
134
134
135
135
135
136
136
136
137
137
137
137
138
138
138
139
139
139
139
140
140
140
141
141
141
142
142
142
142
143
143
143
143
144
144
144
144
145
145
145
145
146
146
146
146
147
147
147
148
148
148
148
149
149
149
150
150
150
151
151
151
152
152
152
152
153
153
153
154
154
154
155
155
155
156
156
156
156
157
157
157
157
158
158
158
158
159
159
159
159
160
160
160
161
161
162
162
162
163
163
163
163
164
164
164
164
165
165
165
166
166
166
166
167
167
167
168
168
168
168
169
169
169
169
170
170
170
170
171
171
172
172
172
173
173
173
174
174
174
174
175
175
175
176
176
176
177
177
177
178
178
178
178
179
179
179
180
180
180
180
181
181
181
181
182
182
182
183
183
183
184
184
184
185
185
185
186
186
187
187
187
187
188
188
188
189
189
189
190
190
191
191
191
191
192
192
192
193
193
193
194
194
194
195
195
195
196
196
196
196
197
197
197
197
198
198
198
198
199
199
199
200
200
200
200
201
201
201
202
202
202
203
203
203
203
204
204
204
205
205
205
205
206
206
206
207
207
208
208
208
209
209
209
209
210
210
210
211
211
211
212
212
212
212
213
213
213
214
214
215
215
216
216
216
217
217
217
217
218
218
218
219
219
219
219
220
220
220
220
221
221
221
221
222
222
222
223
223
223
223
224
224
224
224
225
225
225
226
226
226
227
227
227
228
228
228
229
229
229
230
230
230
231
231
231
232
232
232
233
233
233
233
234
234
234
234
235
235
235
235
236
236
236
237
237
237
237
238
238
238
239
239
240
240
240
240
241
241
242
242
242
243
243
243
243
244
244
244
245
245
245
245
246
246
246
246
247
247
247
248
248
248
248
249
249
250
250
250
250
251
251
251
251
252
252
252
253
253
253
253
254
254
254
254
255
255
255
256
256
256
256
257
257
258
258
258
259
259
260
260
260
261
261
261
261
262
262
262
263
263
263
264
264
264
265
265
265
265
266
266
266
267
267
267
267
268
268
268
269
269
269
270
270
270
271
271
271
272
272
272
272
273
273
273
273
274
274
274
274
275
275
275
275
276
276
276
277
277
278
278
278
278
279
279
279
280
280
280
281
281
281
282
282
282
282
283
283
283
284
284
284
285
285
285
286
286
287
287
287
287
288
288
288
289
289
289
289
290
290
290
290
291
291
292
292
292
293
293
293
293
294
294
294
294
295
295
295
296
296
297
297
297
298
298
299
299
299
300
300
300
301
301
302
302
302
303
303
304
304
304
304
305
305
305
305
306
306
307
307
307
308
308
309
309
309
310
310
310
311
311
311
312
312
312
313
313
313
314
314
314
314
315
315
316
316
316
317
317
317
318
318
318
319
319
319
319
320
320
321
321
321
322
322
322
323
323
324
324
325
325
325
326
326
326
327
327
327
327
328
328
328
329
329
330
330
330
331
331
331
331
332
332
332
333
333
334
334
334
334
335
335
335
336
336
336
337
337
337
338
338
338
339
340
341
341
341
341
342
342
342
343
343
343
343
344
345
345
345
345
346
346
347
347
347
348
348
348
348
349
349
349
349
350
350
350
351
351
351
351
352
352
352
352
353
353
353
353
354
354
354
355
355
355
355
356
356
356
357
357
357
357
358
358
358
359
359
360
360
360
361
361
361
362
363
363
363
364
364
364
364
365
365
365
366
366
366
366
367
367
367
367
368
368
368
369
369
369
369
370
370
371
371
371
372
372
372
373
373
373
374
374
374
374
375
376
376
376
376
377
377
377
377
378
378
378
378
379
379
379
379
380
380
380
381
381
381
381
382
382
382
383
383
383
383
384
384
384
385
385
385
386
386
386
387
387
387
387
388
388
388
388
389
389
389
390
390
390
391
391
392
392
392
392
393
393
393
393
394
394
395
395
396
396
396
397
397
397
398
398
398
398
399
399
400
400
400
400
401
401
401
402
402
402
403
403
403
404
404
404
405
405
405
406
406
407
407
407
408
408
408
409
409
409
410
410
410
411
411
411
412
412
412
412
413
413
413
414
414
415
415
415
416
416
416
417
417
417
417
418
418
418
418
419
419
419
419
420
420
420
421
421
421
422
422
423
423
423
424
424
424
424
425
425
426
426
426
426
427
427
427
428
428
428
429
429
429
430
430
430
431
431
431
431
432
432
432
433
433
434
434
435
435
435
436
436
436
436
437
437
438
438
438
439
439
439
440
440
440
441
441
441
442
442
443
443
444
444
444
444
445
445
445
446
446
446
447
447
447
448
448
449
449
450
450
450
450
451
451
451
452
452
452
453
453
453
454
454
455
455
455
455
456
456
456
457
457
457
458
458
458
459
459
459
459
460
460
461
461
461
462
462
462
463
463
463
463
464
464
464
465
465
465
466
466
466
467
467
467
468
468
468
469
469
469
470
470
470
470
471
471
471
472
472
472
472
473
473
473
473
474
474
474
475
475
475
476
476
476
477
478
478
478
478
479
479
480
480
480
480
481
481
481
482
482
482
482
483
483
484
484
484
485
485
485
486
486
486
486
487
487
487
487
488
488
488
489
489
489
489
490
490
490
490
491
491
491
492
492
492
493
493
493
493
494
494
495
495
495
496
496
497
497
497
498
498
499
499
500
500
500
501
501
502
502
502
503
503
504
504
504
504
505
505
506
506
506
507
507
507
507
508
508
508
509
509
509
510
510
510
511
511
511
511
512
512
512
513
513
514
514
514
515
515
515
516
516
517
517
517
518
518
518
519
519
519
519
520
520
520
521
521
522
522
522
523
523
523
524
524
524
525
525
526
526
526
527
527
527
528
528
528
528
529
529
529
530
530
530
530
531
531
532
532
532
532
533
533
533
534
534
534
535
535
535
535
536
536
537
538
538
538
539
539
539
540
541
541
541
542
542
543
543
543
544
545
545
545
546
546
547
547
547
548
548
548
549
549
549
549
550
550
550
551
551
551
551
552
552
552
552
553
553
553
554
554
554
555
555
555
556
556
556
556
557
557
557
557
558
558
559
559
559
560
560
560
560
561
561
561
562
563
563
563
564
564
564
565
565
566
566
566
567
567
567
568
568
568
568
569
569
569
569
570
570
570
570
571
571
571
571
572
572
572
573
574
574
574
575
575
575
576
576
576
577
577
578
578
578
578
579
579
579
579
580
580
580
580
581
581
581
581
582
582
582
582
583
583
583
583
584
584
584
585
585
586
586
586
587
587
587
587
588
588
589
589
590
590
591
591
592
592
592
593
593
593
593
594
594
594
594
595
595
595
595
596
596
596
597
597
597
598
598
598
598
599
599
599
600
600
600
601
601
601
602
602
602
603
603
603
604
604
604
605
605
605
605
606
606
606
607
607
607
607
608
608
608
609
609
609
609
610
610
610
611
611
612
612
613
613
613
614
614
614
615
615
616
616
616
617
617
617
618
618
618
618
619
619
620
620
621
621
621
622
622
622
622
623
623
624
624
624
625
626
626
626
627
627
627
627
628
628
629
629
629
629
630
630
630
630
631
631
631
632
632
633
633
633
634
634
634
635
635
635
636
636
637
637
637
638
638
638
638
639
639
639
639
640
640
641
641
642
643
643
643
644
644
645
645
645
646
646
646
646
647
647
648
648
649
649
649
649
650
650
650
650
651
651
652
652
652
653
653
654
654
654
654
655
655
656
657
657
657
657
658
658
659
659
659
660
660
660
661
661
661
662
662
663
663
664
664
664
664
665
665
665
666
666
667
667
667
668
668
668
669
669
669
670
670
671
671
671
672
672
673
673
673
674
674
675
675
675
676
676
676
677
677
677
678
678
679
679
679
680
680
681
681
681
681
682
683
684
684
684
685
685
685
686
686
686
687
687
688
688
689
689
690
691
692
692
693
693
694
694
694
695
695
695
696
697
697
697
698
698
698
699
699
699
700
700
700
700
701
701
701
702
702
703
703
703
703
704
704
705
705
706
706
706
707
707
708
708
708
708
709
709
709
710
710
711
711
712
712
712
713
714
715
715
715
716
716
716
716
717
717
717
718
718
718
719
719
720
720
721
721
722
722
723
723
724
724
724
725
725
725
726
726
727
727
728
728
728
728
729
729
729
729
730
731
731
732
732
733
733
733
733
734
734
734
734
735
735
735
736
736
737
737
737
738
738
739
739
739
739
740
740
740
741
741
741
742
742
742
743
743
743
744
744
745
745
745
746
746
747
747
748
748
748
748
749
749
750
750
750
750
751
752
752
753
753
754
754
755
755
755
756
757
757
757
758
758
758
759
759
759
760
760
760
761
761
761
761
762
762
763
763
763
764
764
764
765
765
765
765
766
766
766
767
767
767
767
768
769
769
770
770
770
771
771
771
772
772
772
773
773
773
774
774
774
775
776
776
776
776
777
777
777
778
778
778
778
779
779
779
780
780
781
782
782
782
783
783
784
784
785
785
785
785
786
786
787
787
788
788
788
789
789
789
789
790
790
790
790
791
791
791
792
792
793
793
793
794
794
794
794
795
795
795
796
796
796
796
797
797
797
798
798
799
799
800
800
800
801
802
802
803
803
803
804
804
804
804
805
805
805
806
806
806
806
807
807
807
808
808
808
809
809
810
810
810
811
811
811
811
812
812
812
813
813
814
814
814
815
815
815
815
816
816
816
817
817
817
818
818
818
818
819
819
820
820
820
821
821
822
822
823
824
824
825
825
825
826
826
826
827
827
828
828
828
828
829
829
830
830
831
831
831
832
832
833
833
834
834
835
835
835
836
836
836
837
837
837
838
838
839
839
839
840
840
841
841
841
842
842
842
843
843
843
844
844
844
845
845
845
847
847
848
848
849
849
850
851
851
851
852
853
853
853
854
854
855
855
855
856
856
857
857
858
858
858
859
859
860
860
860
861
861
862
863
863
863
863
864
864
864
864
865
865
865
866
866
866
867
867
867
868
868
868
869
869
869
870
870
871
871
872
872
872
873
873
873
874
874
874
875
875
875
875
876
876
876
877
877
878
878
878
879
880
880
881
881
881
882
882
882
883
883
883
883
884
884
884
884
885
885
885
886
886
886
887
887
887
887
888
889
889
889
890
890
891
891
892
892
893
893
893
894
895
895
895
896
896
896
896
897
897
899
899
899
900
900
900
901
901
901
902
902
903
903
903
904
904
905
905
905
906
906
907
907
908
908
909
909
910
910
910
911
911
911
912
912
912
913
913
914
914
914
914
915
915
915
916
916
916
917
917
917
917
918
918
919
919
919
919
920
920
921
921
922
922
922
923
923
924
924
924
925
925
925
925
926
926
926
927
928
928
929
929
929
930
930
930
931
931
931
932
932
932
933
933
934
935
935
936
936
936
937
937
938
938
938
939
939
939
940
940
940
941
941
941
941
942
942
942
943
943
943
943
944
944
944
945
945
945
945
946
946
946
947
947
947
948
948
948
948
949
949
949
949
950
950
950
951
951
952
952
952
953
953
953
954
954
954
954
955
955
955
956
956
957
957
957
958
959
960
960
960
961
961
962
962
963
963
963
964
964
964
965
965
965
966
966
966
966
967
967
967
967
968
968
968
969
969
969
970
970
970
971
971
971
972
972
972
973
973
973
974
974
975
975
976
976
976
977
977
977
977
978
978
979
979
979
980
980
980
981
981
982
982
982
982
983
983
983
984
984
985
985
986
986
987
987
987
987
988
988
988
989
990
990
990
991
991
991
992
992
993
993
993
994
994
995
995
995
996
996
996
997
997
998
998
998
999
999
999
999
1000
1000
1000
1001
1001
1001
1001
1002
1002
1002
1002
1003
1003
1003
1004
1004
1004
1005
1005
1005
1006
1006
1007
1007
1007
1007
1008
1008
1008
1009
1009
1009
1009
1010
1010
1010
1010
1011
1011
1012
1012
1012
1013
1013
1014
1014
1014
1015
1015
1015
1015
1016
1016
1016
1016
1017
1017
1017
1018
1018
1018
1019
1019
1020
1020
1021
1021
1021
1021
1022
1022
1023
1023
1024
1025
1025
1026
1026
1027
1027
1027
1028
1028
1028
1029
1029
1029
1029
1030
1030
1031
1031
1031
1032
1032
1033
1033
1034
1034
1034
1034
1035
1035
1035
1035
1036
1036
1037
1037
1038
1038
1038
1039
1039
1039
1040
1040
1040
1041
1041
1042
1043
1044
1044
1045
1045
1046
1046
1046
1047
1047
1047
1048
1048
1049
1049
1049
1050
1050
1051
1051
1051
1052
1052
1052
1053
1053
1054
1054
1054
1055
1055
1056
1056
1057
1057
1058
1058
1058
1059
1059
1060
1060
1061
1061
1062
1062
1062
1063
1063
1064
1064
1065
1065
1066
1066
1066
1067
1067
1067
1068
1068
1069
1069
1069
1070
1070
1071
1071
1071
1071
1072
1072
1072
1073
1073
1074
1074
1074
1075
1075
1076
1076
1076
1077
1077
1077
1078
1078
1078
1079
1079
1079
1080
1080
1081
1081
1081
1081
1082
1082
1082
1082
1083
1084
1084
1084
1085
1086
1086
1087
1087
1087
1088
1088
1088
1089
1089
1089
1089
1090
1090
1090
1091
1091
1091
1092
1092
1092
1093
1093
1094
1094
1095
1095
1095
1096
1096
1096
1097
1097
1097
1098
1098
1098
1098
1099
1099
1099
1099
1100
1100
1100
1101
1101
1102
1102
1103
1103
1103
1103
1104
1104
1105
1105
1105
1106
1106
1106
1106
1107
1107
1108
1108
1108
1109
1109
1109
1109
1110
1110
1110
1110
1111
1111
1111
1112
1112
1112
1113
1114
1114
1114
1115
1115
1115
1116
1117
1117
1117
1117
1118
1118
1119
1120
1120
1121
1121
1121
1121
1122
1122
1122
1123
1123
1124
1124
1125
1125
1125
1125
1126
1126
1126
1127
1127
1128
1129
1129
1129
1130
1130
1130
1130
1131
1131
1131
1131
1132
1132
1133
1133
1134
1134
1134
1135
1135
1135
1136
1136
1136
1137
1137
1138
1138
1139
1139
1140
1140
1140
1141
1141
1142
1142
1142
1143
1143
1144
1144
1144
1144
1145
1145
1145
1145
1146
1146
1146
1147
1147
1147
1148
1148
1149
1149
1149
1150
1150
1150
1151
1151
1151
1152
1152
1152
1153
1153
1154
1154
1155
1155
1156
1156
1157
1157
1157
1158
1158
1158
1159
1159
1159
1159
1160
1160
1161
1161
1161
1162
1162
1162
1162
1163
1163
1163
1164
1165
1165
1165
1165
1166
1166
1166
1167
1167
1167
1168
1168
1168
1169
1169
1170
1170
1170
1171
1171
1173
1173
1174
1174
1175
1175
1176
1176
1177
1177
1178
1178
1178
1179
1179
1180
1180
1180
1181
1181
1182
1182
1182
1183
1183
1183
1183
1184
1184
1184
1186
1186
1187
1187
1187
1188
1188
1189
1189
1189
1190
1191
1191
1191
1192
1192
1192
1193
1193
1194
1195
1195
1195
1196
1196
1196
1197
1197
1197
1197
1198
1198
1199
1199
1199
1200
1200
1200
1201
1201
1201
1202
1202
1202
1203
1203
1204
1205
1206
1206
1207
1207
1207
1207
1208
1208
1208
1209
1209
1210
1210
1210
1210
1211
1211
1212
1212
1212
1213
1214
1214
1214
1215
1215
1215
1216
1216
1217
1217
1217
1217
1218
1218
1218
1219
1219
1220
1220
1220
1220
1221
1221
1221
1222
1222
1222
1223
1223
1223
1223
1224
1224
1224
1225
1225
1226
1226
1226
1227
1227
1227
1228
1228
1229
1229
1229
1230
1230
1230
1230
1231
1231
1232
1232
1232
1233
1233
1233
1234
1235
1235
1235
1235
1236
1236
1237
1237
1237
1237
1238
1238
1238
1239
1239
1239
1240
1240
1240
1241
1241
1242
1242
1243
1243
1243
1244
1245
1245
1245
1246
1246
1247
1247
1248
1248
1248
1249
1249
1249
1250
1250
1250
1251
1251
1251
1252
1253
1253
1253
1254
1254
1254
1254
1255
1255
1256
1256
1256
1256
1257
1257
1258
1258
1258
1259
1260
1260
1260
1261
1261
1261
1262
1262
1263
1263
1263
1264
1264
1266
1266
1267
1267
1267
1268
1268
1268
1268
1269
1269
1269
1270
1270
1270
1271
1271
1271
1272
1272
1273
1273
1274
1274
1274
1275
1275
1275
1276
1276
1276
1277
1277
1278
1278
1278
1279
1279
1279
1280
1280
1281
1281
1281
1282
1282
1282
1283
1284
1284
1284
1285
1285
1285
1286
1286
1287
1287
1288
1288
1288
1289
1289
1290
1290
1290
1291
1291
1292
1292
1293
1293
1294
1294
1294
1295
1295
1296
1297
1297
1298
1298
1298
1299
1299
1300
1300
1300
1301
1301
1301
1302
1302
1303
1303
1304
1304
1304
1305
1305
1305
1305
1306
1306
1307
1307
1308
1308
1308
1309
1309
1309
1309
1310
1310
1310
1311
1312
1312
1313
1313
1313
1314
1315
1315
1315
1316
1316
1317
1317
1317
1318
1318
1318
1318
1319
1319
1320
1320
1320
1320
1321
1321
1321
1322
1322
1323
1323
1324
1324
1325
1325
1325
1325
1326
1326
1327
1327
1327
1327
1328
1328
1328
1329
1329
1329
1330
1330
1330
1331
1331
1332
1332
1332
1333
1333
1335
1335
1336
1336
1337
1337
1337
1338
1338
1339
1339
1339
1339
1340
1340
1340
1341
1341
1341
1342
1342
1344
1344
1344
1345
1345
1345
1346
1346
1346
1347
1347
1348
1349
1349
1349
1350
1350
1350
1351
1352
1352
1352
1353
1353
1353
1354
1355
1355
1355
1356
1356
1357
1357
1357
1357
1358
1359
1360
1360
1361
1361
1361
1362
1363
1363
1363
1364
1364
1364
1364
1365
1365
1366
1366
1367
1367
1367
1368
1368
1368
1369
1369
1370
1370
1371
1371
1371
1372
1372
1373
1373
1373
1374
1374
1374
1375
1375
1375
1376
1377
1377
1377
1378
1378
1378
1379
1380
1380
1381
1381
1382
1382
1383
1383
1384
1385
1386
1386
1386
1387
1387
1387
1388
1389
1389
1389
1390
1390
1390
1391
1391
1392
1392
1392
1393
1393
1393
1394
1394
1394
1394
1395
1395
1395
1396
1396
1397
1398
1398
1398
1398
1399
1399
1399
1400
1400
1401
1401
1401
1402
1403
1403
1404
1404
1404
1404
1405
1405
1405
1405
1407
1407
1407
1407
1408
1408
1408
1409
1409
1409
1410
1410
1411
1411
1411
1411
1412
1412
1412
1413
1414
1414
1415
1415
1415
1416
1416
1417
1417
1418
1419
1419
1420
1420
1421
1421
1421
1422
1422
1423
1424
1425
1425
1425
1426
1426
1427
1427
1427
1428
1429
1430
1430
1430
1431
1431
1431
1431
1432
1432
1432
1432
1433
1433
1433
1433
1434
1434
1435
1435
1435
1436
1436
1436
1437
1437
1437
1438
1438
1438
1439
1440
1440
1440
1441
1442
1442
1443
1443
1443
1444
1444
1444
1445
1445
1445
1446
1446
1447
1447
1448
1448
1448
1449
1450
1450
1451
1451
1452
1452
1453
1453
1454
1454
1455
1455
1456
1457
1458
1458
1458
1458
1459
1460
1460
1461
1461
1461
1461
1462
1463
1463
1464
1464
1464
1465
1465
1466
1466
1466
1467
1467
1467
1467
1468
1468
1469
1469
1469
1470
1470
1470
1470
1471
1471
1471
1472
1472
1472
1473
1473
1473
1474
1474
1474
1475
1475
1475
1476
1476
1477
1477
1478
1478
1478
1479
1479
1479
1479
1480
1480
1481
1481
1481
1482
1483
1483
1484
1485
1485
1485
1486
1486
1487
1487
1488
1488
1488
1489
1489
1489
1490
1491
1491
1491
1491
1492
1492
1493
1494
1494
1495
1495
1495
1496
1497
1497
1497
1497
1498
1498
1499
1499
1499
1500
1500
1500
1501
1501
1502
1502
1502
1503
1503
1504
1504
1505
1505
1505
1506
1506
1506
1506
1507
1508
1508
1508
1508
1509
1509
1509
1510
1510
1510
1511
1511
1512
1513
1514
1515
1516
1516
1517
1517
1518
1518
1518
1518
1519
1519
1520
1520
1520
1520
1521
1521
1522
1522
1522
1523
1523
1523
1523
1524
1524
1525
1525
1526
1526
1526
1527
1527
1528
1528
1528
1529
1529
1529
1530
1530
1530
1531
1531
1531
1532
1533
1533
1533
1533
1534
1534
1534
1535
1535
1536
1537
1537
1538
1539
1539
1539
1540
1541
1541
1541
1542
1543
1543
1543
1545
1545
1546
1546
1547
1547
1548
1548
1548
1549
1549
1549
1551
1552
1552
1552
1553
1553
1554
1554
1554
1555
1555
1555
1555
1556
1557
1557
1557
1558
1558
1559
1559
1559
1560
1560
1560
1561
1561
1561
1561
1562
1562
1562
1562
1563
1563
1563
1564
1564
1565
1565
1566
1566
1566
1567
1567
1569
1569
1570
1570
1570
1571
1571
1572
1572
1573
1573
1573
1574
1574
1574
1575
1575
1575
1576
1576
1577
1577
1577
1578
1578
1578
1579
1579
1580
1580
1580
1581
1581
1582
1583
1583
1583
1583
1585
1585
1586
1586
1586
1587
1587
1587
1588
1588
1589
1589
1590
1591
1591
1592
1592
1593
1593
1594
1594
1594
1595
1595
1596
1596
1597
1597
1597
1598
1598
1598
1599
1600
1600
1600
1601
1601
1602
1603
1604
1604
1605
1605
1605
1606
1606
1606
1607
1607
1608
1608
1609
1609
1610
1610
1611
1611
1612
1612
1612
1613
1613
1614
1614
1614
1615
1615
1616
1616
1616
1617
1618
1618
1619
1619
1619
1620
1620
1621
1621
1622
1622
1622
1623
1623
1623
1624
1624
1624
1625
1625
1626
1626
1627
1627
1628
1628
1629
1629
1630
1631
1631
1632
1634
1634
1634
1635
1635
1635
1636
1637
1637
1638
1639
1639
1639
1640
1641
1642
1642
1642
1643
1643
1643
1643
1644
1645
1646
1646
1647
1648
1648
1648
1649
1650
1651
1651
1652
1652
1652
1653
1653
1654
1654
1654
1655
1655
1655
1656
1656
1657
1657
1658
1658
1658
1659
1659
1659
1660
1660
1660
1661
1661
1662
1662
1663
1663
1663
1664
1664
1664
1665
1666
1666
1667
1667
1668
1668
1669
1669
1669
1670
1671
1671
1672
1673
1674
1674
1674
1675
1675
1676
1676
1676
1676
1677
1678
1678
1678
1679
1679
1679
1680
1680
1680
1681
1681
1681
1682
1682
1682
1683
1683
1683
1684
1685
1685
1686
1686
1686
1687
1687
1687
1688
1689
1689
1690
1690
1691
1691
1691
1692
1692
1692
1693
1694
1694
1695
1695
1697
1697
1698
1698
1699
1699
1699
1700
1700
1701
1701
1701
1702
1702
1702
1703
1703
1704
1704
1704
1705
1705
1706
1706
1706
1707
1707
1707
1708
1709
1709
1709
1710
1710
1711
1712
1712
1712
1713
1714
1714
1715
1715
1716
1716
1717
1717
1718
1719
1720
1720
1720
1720
1721
1721
1722
1722
1723
1723
1724
1724
1724
1725
1726
1726
1727
1727
1728
1728
1729
1729
1729
1730
1731
1731
1731
1732
1732
1732
1733
1733
1733
1734
1734
1735
1736
1736
1737
1737
1737
1738
1738
1739
1739
1740
1740
1740
1741
1741
1742
1742
1743
1743
1743
1744
1745
1745
1746
1747
1747
1748
1748
1748
1749
1750
1750
1750
1750
1751
1751
1751
1752
1752
1753
1753
1754
1754
1755
1755
1755
1756
1757
1757
1758
1758
1759
1759
1759
1760
1760
1761
1761
1761
1761
1762
1762
1762
1763
1763
1764
1764
1765
1765
1765
1766
1767
1767
1768
1768
1769
1769
1770
1770
1771
1772
1773
1773
1774
1774
1775
1776
1776
1777
1777
1778
1778
1779
1779
1780
1780
1780
1781
1781
1781
1781
1782
1782
1782
1783
1783
1783
1784
1784
1784
1785
1785
1786
1786
1786
1787
1787
1788
1788
1788
1789
1789
1790
1790
1791
1791
1792
1792
1792
1793
1793
1794
1794
1795
1795
1795
1796
1797
1797
1798
1799
1799
1799
1800
1800
1801
1801
1801
1802
1803
1803
1804
1804
1805
1805
1806
1806
1807
1807
1808
1808
1809
1809
1809
1811
1811
1811
1812
1812
1813
1814
1814
1814
1814
1815
1816
1817
1817
1818
1818
1818
1819
1819
1820
1820
1821
1821
1822
1822
1822
1823
1823
1824
1824
1825
1825
1825
1825
1826
1826
1827
1827
1828
1829
1829
1830
1830
1830
1832
1832
1832
1833
1833
1833
1834
1834
1835
1836
1836
1836
1837
1837
1837
1838
1838
1839
1839
1840
1840
1841
1841
1842
1842
1842
1843
1843
1843
1844
1845
1845
1846
1846
1847
1847
1848
1848
1848
1849
1849
1850
1850
1850
1851
1851
1852
1853
1853
1853
1854
1855
1855
1855
1856
1856
1856
1856
1857
1857
1858
1858
1859
1859
1860
1860
1861
1861
1861
1862
1862
1863
1863
1864
1864
1864
1864
1865
1865
1866
1866
1867
1868
1868
1868
1869
1869
1870
1870
1871
1871
1871
1872
1872
1872
1873
1873
1874
1874
1875
1875
1876
1876
1876
1877
1877
1877
1879
1880
1880
1881
1881
1881
1882
1884
1884
1885
1886
1886
1887
1888
1888
1889
1890
1890
1891
1891
1892
1892
1892
1893
1893
1893
1894
1894
1894
1894
1895
1895
1896
1896
1897
1898
1898
1898
1899
1900
1900
1900
1901
1901
1901
1902
1902
1903
1903
1903
1904
1904
1904
1905
1906
1906
1906
1907
1907
1908
1908
1909
1909
1910
1911
1911
1912
1912
1914
1914
1915
1915
1915
1915
1916
1917
1917
1918
1919
1920
1921
1921
1921
1921
1922
1922
1923
1923
1924
1924
1925
1925
1926
1926
1926
1927
1927
1927
1928
1928
1928
1929
1929
1930
1930
1930
1931
1932
1932
1932
1933
1935
1935
1936
1936
1936
1937
1938
1938
1939
1939
1940
1940
1940
1941
1941
1941
1942
1942
1942
1943
1944
1945
1945
1946
1946
1947
1947
1948
1948
1949
1949
1949
1950
1950
1951
1951
1952
1952
1952
1953
1953
1954
1954
1954
1957
1957
1957
1958
1958
1959
1959
1959
1960
1961
1962
1962
1963
1964
1964
1964
1965
1966
1966
1966
1967
1967
1967
1968
1968
1968
1969
1969
1970
1970
1970
1970
1971
1971
1971
1972
1973
1973
1973
1974
1974
1975
1975
1976
1976
1977
1977
1977
1978
1979
1981
1981
1981
1982
1983
1983
1984
1984
1984
1984
1985
1985
1986
1987
1988
1990
1991
1991
1991
1992
1992
1992
1993
1994
1994
1995
1995
1996
1996
1996
1997
1997
1998
1998
1999
2000
2000
2000
2001
2002
2002
2003
2004
2004
2005
2005
2006
2006
2006
2007
2007
2007
2008
2008
2009
2009
2009
2011
2012
2012
2013
2013
2014
2014
2015
2015
2016
2017
2017
2017
2018
2018
2019
2019
2020
2020
2020
2021
2021
2021
2021
2022
2022
2024
2024
2026
2026
2027
2028
2028
2029
2029
2030
2030
2031
2032
2032
2032
2034
2035
2035
2036
2036
2037
2038
2038
2039
2039
2039
2040
2040
2040
2041
2041
2041
2042
2042
2042
2043
2043
2044
2045
2045
2046
2047
2047
2047
2047
2048
2048
2049
2050
2050
2050
2050
2051
2051
2051
2052
2052
2053
2053
2054
2054
2054
2055
2056
2056
2056
2057
2057
2058
2058
2058
2059
2060
2060
2061
2061
2062
2063
2063
2063
2064
2064
2065
2065
2066
2066
2067
2067
2067
2068
2068
2068
2068
2069
2070
2070
2071
2071
2072
2073
2073
2074
2074
2074
2074
2075
2075
2076
2076
2076
2077
2077
2078
2079
2079
2079
2080
2080
2080
2081
2081
2082
2082
2082
2083
2083
2083
2083
2084
2085
2085
2086
2087
2087
2087
2088
2089
2089
2090
2090
2091
2091
2092
2093
2093
2094
2095
2096
2096
2097
2097
2098
2098
2099
2100
2100
2100
2101
2101
2102
2102
2102
2103
2103
2103
2104
2105
2106
2106
2107
2107
2108
2108
2108
2109
2109
2109
2109
2110
2110
2111
2111
2112
2112
2113
2113
2114
2114
2115
2115
2116
2116
2118
2118
2118
2119
2119
2120
2120
2120
2121
2122
2122
2122
2123
2123
2123
2123
2124
2124
2125
2125
2125
2126
2126
2127
2127
2128
2128
2129
2129
2130
2130
2130
2131
2132
2132
2133
2133
2133
2134
2134
2135
2135
2135
2135
2136
2136
2137
2137
2138
2138
2139
2139
2139
2140
2140
2141
2142
2142
2143
2143
2144
2144
2145
2146
2147
2147
2148
2149
2149
2150
2151
2151
2151
2152
2152
2152
2153
2153
2153
2154
2155
2155
2156
2156
2157
2158
2158
2159
2159
2159
2160
2160
2161
2161
2161
2161
2162
2162
2163
2164
2165
2165
2165
2166
2167
2167
2168
2168
2168
2169
2169
2170
2170
2171
2172
2173
2174
2174
2175
2175
2176
2176
2176
2176
2177
2178
2178
2179
2179
2179
2180
2180
2180
2181
2181
2182
2183
2183
2183
2184
2184
2185
2185
2185
2186
2187
2187
2187
2189
2190
2190
2191
2192
2192
2193
2193
2193
2194
2194
2194
2194
2196
2197
2197
2198
2198
2198
2199
2200
2200
2201
2201
2202
2203
2203
2203
2204
2204
2205
2205
2207
2207
2207
2208
2208
2209
2209
2210
2211
2211
2212
2212
2213
2213
2213
2214
2215
2215
2216
2217
2217
2218
2218
2219
2219
2221
2221
2221
2222
2223
2223
2223
2223
2224
2224
2225
2225
2226
2227
2228
2229
2229
2230
2230
2230
2231
2232
2232
2233
2234
2234
2234
2234
2235
2236
2236
2237
2237
2237
2238
2238
2238
2239
2239
2239
2240
2240
2240
2241
2241
2242
2242
2242
2243
2243
2244
2244
2245
2246
2246
2247
2247
2248
2248
2248
2249
2249
2250
2251
2252
2252
2252
2253
2254
2255
2255
2256
2256
2257
2257
2257
2258
2258
2258
2259
2259
2260
2260
2260
2261
2262
2262
2263
2263
2264
2264
2265
2265
2266
2266
2267
2267
2268
2269
2270
2270
2270
2271
2271
2272
2273
2273
2273
2274
2274
2275
2275
2276
2276
2276
2278
2278
2279
2279
2281
2281
2282
2283
2283
2284
2284
2285
2286
2286
2286
2287
2288
2288
2288
2289
2289
2291
2292
2292
2293
2293
2294
2294
2295
2295
2296
2296
2297
2297
2298
2299
2299
2300
2301
2301
2302
2302
2303
2304
2305
2305
2306
2308
2308
2308
2309
2309
2310
2311
2312
2312
2313
2314
2314
2314
2315
2315
2315
2316
2316
2316
2317
2317
2317
2317
2318
2318
2319
2319
2320
2320
2321
2321
2322
2322
2323
2324
2324
2325
2325
2325
2325
2326
2327
2328
2328
2329
2329
2330
2331
2331
2331
2332
2333
2333
2334
2334
2334
2335
2335
2335
2336
2336
2337
2337
2338
2340
2341
2341
2341
2341
2342
2342
2343
2343
2344
2345
2345
2346
2346
2346
2347
2348
2349
2349
2350
2351
2351
2352
2353
2354
2354
2355
2355
2355
2356
2356
2356
2357
2357
2358
2359
2359
2359
2360
2360
2361
2361
2361
2362
2362
2363
2364
2364
2364
2365
2366
2367
2367
2367
2367
2368
2369
2369
2369
2370
2370
2371
2371
2371
2373
2373
2374
2374
2375
2376
2376
2376
2377
2379
2380
2380
2381
2381
2382
2382
2383
2383
2383
2383
2384
2384
2385
2386
2387
2387
2387
2387
2388
2389
2390
2391
2392
2392
2392
2393
2393
2394
2395
2396
2396
2397
2398
2399
2399
2400
2401
2402
2402
2403
2404
2404
2405
2405
2405
2406
2407
2407
2408
2409
2410
2411
2411
2412
2412
2412
2413
2413
2413
2413
2414
2415
2415
2416
2418
2418
2419
2419
2420
2420
2421
2422
2423
2424
2425
2426
2426
2426
2428
2428
2429
2429
2429
2430
2430
2431
2432
2432
2432
2433
2434
2435
2436
2436
2436
2437
2437
2438
2438
2439
2439
2440
2441
2441
2442
2442
2442
2443
2443
2443
2443
2444
2445
2445
2446
2446
2447
2447
2448
2448
2449
2449
2449
2450
2450
2450
2451
2451
2452
2452
2453
2453
2454
2454
2455
2455
2456
2458
2459
2459
2459
2460
2460
2460
2461
2462
2463
2463
2463
2464
2464
2464
2465
2465
2466
2466
2467
2468
2469
2469
2470
2470
2470
2471
2472
2472
2473
2473
2473
2474
2474
2475
2475
2476
2476
2476
2477
2477
2478
2478
2478
2478
2479
2479
2479
2480
2480
2481
2481
2482
2482
2483
2483
2484
2484
2484
2485
2486
2486
2487
2487
2488
2489
2490
2490
2491
2491
2492
2492
2493
2493
2493
2494
2494
2494
2495
2495
2496
2497
2497
2497
2498
2499
2499
2500
2500
2501
2501
2502
2503
2504
2504
2505
2505
2505
2506
2507
2507
2509
2511
2512
2513
2513
2514
2515
2516
2516
2516
2517
2518
2519
2520
2520
2521
2521
2523
2524
2524
2524
2525
2526
2527
2527
2528
2528
2528
2529
2529
2529
2530
2530
2531
2531
2532
2532
2533
2533
2534
2534
2534
2534
2535
2535
2536
2536
2536
2537
2537
2538
2538
2539
2540
2541
2541
2542
2543
2544
2545
2545
2545
2546
2546
2546
2547
2547
2548
2548
2549
2549
2550
2551
2551
2551
2552
2553
2554
2556
2557
2557
2558
2559
2559
2560
2560
2560
2561
2561
2561
2562
2563
2564
2564
2565
2568
2568
2568
2569
2570
2571
2571
2571
2571
2572
2572
2572
2573
2573
2574
2574
2575
2575
2575
2576
2576
2577
2577
2578
2578
2578
2579
2579
2579
2580
2580
2582
2582
2583
2583
2583
2584
2585
2585
2586
2587
2587
2587
2588
2588
2588
2589
2589
2590
2590
2591
2592
2593
2594
2595
2595
2595
2595
2596
2596
2597
2599
2599
2600
2600
2601
2602
2603
2603
2603
2604
2605
2606
2606
2606
2607
2608
2608
2609
2609
2609
2610
2611
2611
2612
2612
2613
2613
2613
2614
2614
2615
2615
2616
2616
2616
2617
2617
2618
2619
2619
2620
2621
2622
2623
2623
2623
2624
2625
2626
2626
2626
2627
2627
2628
2629
2629
2629
2630
2630
2630
2631
2632
2632
2632
2633
2633
2634
2634
2634
2635
2635
2636
2636
2637
2637
2638
2638
2638
2638
2639
2639
2640
2641
2641
2642
2644
2645
2645
2646
2647
2647
2648
2648
2649
2649
2649
2649
2650
2650
2650
2650
2651
2651
2652
2653
2653
2654
2654
2655
2655
2655
2656
2656
2656
2657
2658
2658
2659
2659
2660
2660
2661
2662
2662
2663
2664
2664
2665
2666
2667
2667
2668
2669
2669
2669
2670
2671
2671
2672
2673
2674
2675
2675
2676
2676
2677
2677
2678
2678
2679
2679
2680
2680
2681
2681
2681
2682
2682
2683
2683
2684
2684
2685
2685
2685
2686
2687
2687
2688
2689
2689
2690
2691
2692
2692
2693
2694
2694
2694
2695
2696
2696
2697
2698
2698
2699
2699
2700
2700
2701
2702
2702
2703
2703
2704
2704
2704
2705
2705
2706
2707
2707
2707
2708
2708
2708
2710
2710
2711
2712
2713
2713
2713
2713
2715
2715
2715
2716
2716
2716
2717
2717
2718
2718
2719
2719
2719
2720
2721
2721
2722
2722
2722
2723
2723
2723
2724
2724
2724
2725
2725
2726
2727
2728
2729
2730
2730
2732
2734
2734
2734
2735
2736
2737
2739
2739
2739
2740
2740
2741
2741
2742
2743
2743
2744
2745
2745
2746
2746
2750
2750
2753
2754
2755
2755
2756
2757
2758
2758
2759
2760
2761
2761
2761
2762
2762
2763
2763
2763
2764
2764
2764
2765
2765
2766
2767
2767
2767
2768
2768
2769
2769
2769
2770
2770
2771
2771
2772
2772
2772
2773
2774
2775
2776
2776
2777
2777
2777
2778
2779
2779
2780
2780
2781
2781
2781
2782
2782
2783
2784
2784
2788
2788
2788
2789
2790
2790
2791
2791
2791
2792
2792
2793
2793
2794
2795
2796
2797
2798
2798
2798
2799
2799
2799
2800
2800
2802
2802
2803
2804
2804
2805
2805
2805
2806
2807
2807
2808
2809
2809
2810
2811
2812
2812
2813
2813
2815
2815
2816
2817
2817
2817
2818
2818
2819
2821
2822
2822
2822
2823
2823
2824
2824
2824
2824
2826
2826
2827
2827
2828
2829
2829
2830
2831
2832
2832
2833
2833
2833
2834
2835
2836
2837
2837
2837
2838
2838
2839
2840
2841
2842
2842
2843
2843
2844
2845
2845
2846
2846
2846
2847
2847
2847
2848
2848
2848
2848
2849
2850
2850
2850
2851
2851
2852
2852
2853
2853
2854
2856
2856
2858
2859
2859
2860
2861
2862
2863
2864
2864
2864
2864
2865
2865
2866
2868
2869
2870
2870
2871
2871
2872
2872
2873
2874
2874
2875
2875
2876
2876
2878
2879
2880
2881
2881
2882
2882
2882
2883
2883
2884
2885
2886
2887
2888
2889
2890
2891
2891
2892
2892
2892
2894
2894
2895
2896
2896
2897
2897
2898
2898
2899
2899
2900
2900
2901
2902
2902
2903
2903
2904
2905
2905
2907
2908
2908
2908
2909
2909
2910
2910
2911
2911
2912
2912
2914
2915
2915
2915
2916
2917
2917
2918
2918
2920
2921
2922
2922
2923
2923
2923
2924
2926
2926
2927
2928
2929
2930
2931
2932
2932
2932
2933
2933
2934
2935
2936
2936
2936
2937
2937
2937
2938
2939
2939
2940
2940
2941
2941
2942
2942
2944
2945
2946
2946
2947
2947
2948
2949
2949
2950
2950
2951
2951
2952
2952
2953
2953
2954
2955
2956
2958
2958
2959
2959
2960
2960
2960
2961
2961
2961
2962
2962
2962
2963
2964
2964
2964
2965
2966
2966
2966
2967
2968
2968
2969
2969
2969
2970
2970
2971
2971
2971
2972
2972
2973
2973
2973
2975
2976
2976
2976
2977
2978
2978
2979
2980
2980
2980
2981
2981
2982
2983
2984
2984
2985
2985
2986
2987
2987
2989
2990
2991
2992
2992
2993
2994
2994
2995
2995
2995
2996
2996
2997
2997
2998
2998
2999
3001
3001
3001
3002
3003
3004
3004
3005
3005
3006
3007
3007
3007
3008
3008
3009
3009
3010
3012
3014
3014
3015
3015
3016
3017
3017
3017
3018
3019
3020
3020
3020
3021
3022
3023
3023
3024
3025
3026
3027
3027
3028
3029
3030
3030
3031
3031
3031
3032
3033
3033
3034
3035
3035
3036
3036
3037
3037
3038
3040
3040
3041
3043
3044
3044
3045
3046
3047
3048
3049
3049
3050
3052
3052
3053
3054
3055
3056
3056
3058
3058
3059
3060
3060
3061
3061
3062
3062
3062
3063
3065
3066
3068
3069
3070
3072
3072
3073
3074
3074
3076
3076
3077
3078
3079
3080
3081
3081
3083
3083
3084
3086
3087
3088
3088
3088
3089
3089
3090
3091
3093
3093
3093
3094
3094
3095
3095
3095
3096
3096
3097
3097
3098
3101
3102
3102
3103
3104
3105
3105
3106
3107
3109
3111
3111
3111
3112
3113
3114
3114
3115
3116
3116
3118
3119
3119
3120
3121
3122
3122
3123
3124
3125
3126
3126
3126
3128
3129
3130
3130
3130
3131
3131
3133
3135
3137
3137
3137
3138
3138
3139
3140
3141
3141
3142
3142
3142
3143
3144
3145
3145
3146
3146
3147
3147
3148
3148
3149
3149
3149
3151
3152
3153
3153
3153
3154
3154
3155
3156
3157
3158
3158
3159
3159
3160
3160
3161
3162
3163
3163
3164
3165
3165
3165
3166
3168
3169
3170
3170
3171
3172
3173
3174
3174
3175
3175
3176
3176
3177
3177
3178
3179
3179
3180
3180
3181
3181
3182
3182
3183
3184
3185
3186
3186
3186
3187
3188
3189
3189
3190
3190
3191
3191
3191
3192
3192
3193
3193
3193
3194
3196
3196
3197
3198
3199
3200
3201
3203
3203
3203
3204
3205
3205
3206
3207
3208
3208
3209
3209
3210
3210
3210
3211
3212
3212
3213
3213
3214
3214
3215
3215
3215
3216
3217
3218
3219
3219
3220
3221
3223
3223
3224
3224
3225
3226
3226
3226
3227
3227
3228
3228
3228
3229
3231
3234
3235
3235
3237
3238
3238
3239
3240
3240
3241
3242
3243
3244
3246
3246
3246
3247
3248
3248
3249
3249
3249
3250
3250
3252
3252
3253
3254
3255
3255
3256
3257
3258
3258
3259
3259
3260
3260
3261
3262
3262
3263
3264
3264
3264
3265
3265
3266
3267
3267
3267
3269
3269
3269
3270
3271
3271
3273
3275
3276
3277
3278
3279
3280
3280
3281
3282
3282
3283
3283
3284
3285
3285
3287
3287
3289
3290
3291
3292
3293
3294
3294
3295
3296
3296
3297
3299
3300
3300
3301
3302
3303
3303
3304
3304
3304
3305
3306
3306
3307
3308
3310
3310
3310
3311
3311
3312
3313
3313
3314
3314
3314
3315
3316
3319
3319
3320
3320
3321
3321
3322
3322
3323
3324
3324
3325
3326
3326
3327
3328
3330
3330
3330
3331
3331
3332
3332
3332
3333
3334
3336
3336
3336
3337
3337
3337
3338
3339
3339
3340
3341
3342
3344
3344
3344
3345
3345
3346
3347
3347
3347
3349
3350
3350
3350
3351
3352
3352
3353
3354
3354
3355
3356
3356
3357
3357
3358
3358
3359
3359
3360
3360
3361
3361
3361
3362
3365
3365
3366
3368
3369
3371
3372
3374
3374
3374
3374
3375
3375
3376
3376
3376
3377
3379
3380
3380
3381
3381
3381
3384
3385
3386
3386
3387
3387
3388
3391
3392
3393
3393
3394
3394
3396
3397
3397
3398
3399
3399
3400
3400
3400
3401
3401
3402
3402
3403
3403
3404
3404
3405
3405
3407
3408
3409
3410
3411
3412
3413
3414
3414
3415
3415
3415
3416
3416
3417
3417
3417
3417
3418
3418
3420
3421
3423
3424
3427
3427
3428
3428
3429
3430
3430
3431
3431
3432
3433
3434
3435
3436
3437
3438
3438
3439
3439
3440
3441
3441
3441
3443
3444
3446
3448
3448
3449
3449
3450
3450
3452
3452
3453
3453
3454
3454
3454
3455
3457
3458
3458
3459
3459
3460
3460
3461
3461
3463
3464
3466
3466
3467
3467
3468
3468
3469
3471
3472
3472
3474
3474
3475
3475
3475
3476
3477
3477
3478
3478
3480
3481
3481
3484
3485
3486
3487
3487
3487
3488
3489
3489
3490
3490
3491
3492
3493
3493
3494
3496
3497
3501
3502
3503
3505
3505
3505
3506
3506
3507
3508
3508
3508
3510
3511
3511
3511
3515
3515
3516
3518
3518
3519
3520
3520
3522
3522
3523
3523
3524
3524
3525
3526
3526
3527
3528
3530
3531
3531
3531
3533
3533
3534
3536
3537
3537
3538
3538
3539
3540
3540
3540
3540
3541
3541
3541
3542
3542
3543
3546
3546
3548
3548
3549
3550
3550
3551
3552
3552
3554
3554
3555
3556
3557
3557
3558
3558
3559
3560
3560
3561
3561
3562
3562
3563
3563
3564
3566
3567
3568
3570
3570
3570
3571
3571
3572
3572
3573
3573
3574
3575
3576
3576
3576
3577
3578
3578
3579
3579
3580
3580
3580
3580
3581
3581
3582
3583
3584
3584
3585
3586
3586
3587
3588
3589
3590
3591
3591
3592
3592
3594
3596
3597
3598
3598
3599
3599
3600
3600
3601
3601
3602
3602
3603
3603
3604
3605
3606
3606
3606
3606
3607
3608
3610
3611
3613
3614
3615
3618
3619
3619
3619
3620
3622
3622
3622
3624
3625
3625
3626
3626
3626
3627
3627
3628
3630
3632
3632
3633
3635
3635
3635
3636
3636
3637
3639
3640
3640
3641
3641
3642
3642
3643
3643
3643
3644
3645
3645
3647
3648
3649
3649
3650
3651
3653
3656
3656
3657
3658
3659
3659
3660
3660
3661
3661
3662
3663
3664
3665
3665
3666
3667
3668
3669
3670
3671
3672
3673
3674
3675
3677
3678
3678
3681
3681
3682
3684
3684
3684
3685
3686
3686
3687
3688
3688
3689
3690
3691
3691
3692
3695
3696
3696
3696
3697
3700
3701
3702
3702
3703
3707
3708
3709
3709
3710
3710
3711
3711
3712
3713
3714
3716
3718
3719
3720
3720
3722
3723
3725
3729
3730
3730
3731
3731
3732
3736
3739
3740
3740
3741
3741
3743
3743
3744
3744
3747
3748
3750
3750
3751
3753
3754
3755
3756
3756
3757
3759
3759
3760
3761
3761
3761
3762
3762
3762
3763
3763
3764
3765
3766
3767
3768
3768
3769
3769
3770
3770
3771
3771
3771
3772
3773
3773
3774
3774
3775
3776
3777
3778
3779
3780
3781
3781
3781
3783
3783
3784
3785
3787
3788
3789
3790
3791
3793
3793
3794
3795
3797
3798
3800
3800
3800
3803
3803
3805
3807
3808
3808
3809
3810
3810
3810
3811
3812
3812
3812
3813
3815
3817
3817
3818
3818
3818
3819
3819
3823
3823
3825
3826
3827
3827
3828
3829
3829
3831
3833
3834
3835
3836
3837
3838
3839
3840
3841
3845
3846
3847
3848
3850
3852
3852
3855
3858
3859
3860
3861
3861
3863
3863
3865
3865
3866
3867
3869
3869
3870
3870
3871
3872
3872
3873
3874
3875
3875
3875
3877
3878
3878
3880
3881
3882
3882
3884
3886
3887
3888
3892
3893
3893
3894
3894
3894
3895
3896
3898
3899
3899
3900
3901
3902
3902
3904
3905
3906
3907
3909
3909
3910
3911
3913
3913
3913
3914
3916
3918
3919
3920
3920
3921
3923
3923
3924
3925
3926
3927
3928
3928
3930
3931
3933
3934
3934
3935
3935
3936
3937
3937
3939
3940
3941
3941
3942
3943
3945
3946
3946
3946
3947
3948
3950
3950
3951
3951
3953
3954
3956
3957
3958
3959
3959
3960
3960
3960
3961
3962
3963
3964
3966
3966
3967
3967
3968
3969
3970
3971
3971
3972
3973
3974
3975
3976
3977
3977
3978
3979
3981
3982
3982
3983
3983
3984
3987
3987
3990
3990
3991
3991
3992
3994
3994
3995
3996
3996
3997
3997
3998
3998
4001
4001
4002
4003
4004
4005
4006
4006
4006
4008
4009
4010
4011
4012
4013
4013
4014
4014
4014
4015
4016
4016
4017
4018
4019
4020
4021
4021
4024
4025
4026
4027
4027
4028
4030
4031
4032
4034
4035
4037
4038
4038
4039
4040
4040
4041
4042
4043
4043
4044
4045
4045
4047
4047
4047
4047
4049
4050
4052
4052
4053
4053
4054
4056
4057
4058
4059
4060
4060
4061
4062
4062
4063
4063
4064
4065
4066
4066
4067
4068
4070
4071
4072
4072
4074
4074
4075
4076
4078
4078
4082
4085
4086
4091
4092
4093
4094
4094
4096
4097
4098
4099
4100
4101
4103
4103
4104
4104
4105
4106
4106
4107
4108
4111
4111
4113
4114
4114
4116
4117
4118
4119
4119
4120
4122
4122
4123
4124
4124
4125
4127
4128
4128
4129
4130
4130
4130
4131
4133
4134
4135
4135
4135
4137
4138
4139
4139
4140
4141
4142
4145
4145
4146
4147
4148
4150
4150
4152
4153
4155
4155
4156
4157
4159
4160
4160
4161
4162
4164
4166
4169
4170
4172
4173
4174
4174
4176
4176
4177
4177
4178
4178
4179
4180
4180
4181
4182
4182
4182
4183
4184
4184
4185
4186
4188
4188
4189
4190
4193
4193
4195
4197
4197
4199
4199
4202
4203
4205
4206
4206
4208
4209
4209
4210
4211
4212
4212
4212
4213
4215
4216
4218
4219
4220
4224
4227
4228
4229
4230
4231
4233
4233
4235
4237
4237
4237
4238
4239
4241
4243
4246
4248
4251
4252
4254
4255
4256
4256
4258
4259
4259
4260
4260
4261
4262
4265
4265
4266
4267
4268
4271
4271
4272
4273
4273
4274
4274
4275
4277
4277
4277
4280
4281
4282
4283
4284
4286
4287
4288
4289
4289
4290
4290
4292
4293
4295
4296
4297
4297
4298
4299
4304
4304
4308
4311
4311
4313
4314
4316
4316
4317
4317
4318
4318
4319
4320
4320
4321
4322
4322
4323
4325
4327
4328
4332
4332
4336
4337
4338
4341
4342
4342
4343
4345
4345
4346
4348
4348
4349
4349
4351
4352
4354
4354
4355
4356
4358
4359
4359
4360
4361
4362
4362
4363
4364
4364
4366
4370
4370
4371
4372
4373
4374
4374
4377
4377
4378
4378
4379
4381
4381
4382
4385
4387
4387
4388
4392
4392
4393
4394
4395
4395
4395
4396
4400
4400
4401
4406
4407
4410
4410
4413
4414
4415
4418
4418
4419
4420
4421
4424
4427
4427
4428
4431
4432
4438
4438
4440
4445
4451
4451
4451
4452
4452
4453
4453
4454
4456
4457
4459
4461
4465
4466
4466
4468
4469
4470
4471
4472
4474
4475
4476
4477
4477
4479
4483
4483
4484
4485
4486
4486
4487
4487
4488
4489
4491
4493
4495
4495
4496
4498
4500
4501
4501
4504
4506
4506
4510
4510
4511
4513
4515
4516
4520
4521
4523
4524
4525
4527
4527
4529
4531
4533
4533
4534
4535
4535
4539
4539
4540
4541
4544
4545
4546
4546
4547
4549
4550
4552
4553
4554
4555
4558
4558
4559
4559
4560
4560
4560
4565
4566
4567
4569
4570
4570
4571
4571
4572
4576
4579
4579
4580
4583
4584
4584
4585
4587
4589
4590
4591
4593
4595
4596
4596
4597
4597
4597
4599
4602
4602
4603
4608
4609
4611
4611
4612
4614
4615
4617
4618
4621
4621
4622
4622
4624
4624
4625
4625
4626
4628
4628
4629
4629
4630
4631
4632
4633
4634
4637
4637
4638
4639
4639
4642
4645
4647
4647
4648
4648
4652
4656
4657
4659
4660
4662
4664
4668
4668
4671
4671
4671
4672
4672
4673
4673
4674
4675
4676
4680
4681
4682
4684
4686
4686
4687
4689
4689
4691
4692
4692
4694
4695
4697
4697
4701
4703
4704
4705
4705
4707
4707
4708
4709
4709
4709
4712
4717
4718
4719
4723
4725
4726
4726
4728
4728
4729
4730
4738
4740
4740
4741
4741
4742
4744
4746
4749
4750
4751
4751
4752
4752
4753
4756
4756
4758
4761
4762
4764
4765
4766
4766
4767
4768
4768
4771
4771
4771
4772
4773
4774
4774
4775
4778
4779
4781
4781
4784
4785
4786
4788
4789
4789
4790
4790
4791
4793
4794
4795
4798
4801
4802
4803
4808
4810
4811
4813
4815
4817
4817
4818
4819
4822
4823
4823
4824
4824
4826
4827
4830
4831
4832
4832
4833
4833
4840
4842
4843
4844
4845
4847
4847
4848
4850
4850
4851
4852
4855
4858
4858
4860
4860
4861
4862
4867
4873
4877
4877
4878
4879
4880
4880
4882
4882
4884
4884
4887
4888
4888
4889
4889
4892
4892
4896
4896
4900
4902
4904
4906
4907
4908
4911
4914
4920
4920
4923
4924
4928
4929
4930
4930
4932
4933
4935
4938
4941
4945
4947
4949
4949
4950
4952
4953
4956
4957
4957
4961
4961
4964
4965
4968
4969
4970
4971
4975
4982
4983
4984
4986
4988
4988
4991
4991
4992
4993
4995
4996
4997
4998
5000
5001
5001
5005
5005
5006
5007
5016
5017
5018
5020
5021
5022
5022
5025
5026
5027
5028
5028
5029
5037
5040
5040
5041
5041
5042
5046
5049
5052
5054
5061
5063
5067
5068
5069
5070
5072
5073
5073
5075
5082
5084
5089
5091
5093
5096
5103
5104
5105
5106
5108
5110
5110
5113
5116
5117
5119
5121
5121
5122
5122
5123
5124
5125
5126
5127
5129
5130
5132
5135
5137
5139
5139
5140
5140
5142
5143
5147
5148
5156
5157
5159
5165
5166
5167
5168
5168
5169
5170
5170
5171
5172
5172
5173
5174
5181
5184
5185
5186
5190
5191
5191
5191
5192
5193
5200
5201
5204
5206
5206
5207
5210
5211
5213
5218
5219
5220
5223
5226
5228
5232
5235
5239
5241
5242
5243
5244
5246
5247
5257
5258
5260
5261
5265
5267
5268
5268
5272
5273
5275
5276
5286
5288
5288
5294
5296
5298
5302
5302
5304
5307
5311
5318
5322
5324
5340
5350
5352
5356
5357
5360
5364
5364
5370
5370
5385
5386
5386
5387
5389
5397
5402
5403
5407
5418
5418
5422
5424
5425
5443
5445
5448
5475
5476
5478
5491
5492
5494
5504
5506
5508
5513
5516
5520
5523
5524
5525
5525
5528
5536
5543
5546
5547
5549
5559
5571
5571
5574
5577
5584
5597
5598
5605
5611
5615
5617
5621
5622
5632
5645
5650
5663
5671
5675
5684
3346
5033
4106
769
4270
1030
395
5327
1519
69
344
3135
4942
4722
791
2401
1907
4716
1539
2581
2601
1818
4708
1645
540
4992
5523
2927
3232
2776
3483
24
37
1532
1883
3685
2394
537
1887
533
5369
4790
3256
4983
368
4990
1686
4984
3346
5033
1274
769
1895
4270
783
395
2492
5327
340
786
1986
344
4942
1128
4722
1882
2401
2407
1907
202
1148
596
4448
4588
1840
247
1987
3096
4511
1345
3187
625
1648
2164
602
5101
3492
969
5514
574
4024
1
1052
2118
5056
613
1482
3809
3131
4754
1101
5063
5619
2923
910
295
1354
3664
3359
3807
4916
4210
4952
2082
1381
2593
134
4551
3920
901
874
3531
475
5115
3058
3000
4552
3219
860
4236
1974
4954
1201
4796
5141
3013
3922
591
3480
36
1251
3600
1869
1883
537
5369
4992
3232
4702
5004
3077
4471
1546
5464
2204
1978
2780
3551
1023
1505
4914
3397
3778
817
2256
2255
4815
252
5559
3562
4764
1022
4744
194
5540
3990
5293
4729
5428
1824
4404
3404
1005
4568
4923
4577
1773
931
1878
3564
4825
3588
3190
92
3833
2842
4279
2843
3795
880
5549
757
4414
1238
4472
4607
1776
1438
4948
3314
4110
4826
4741
3595
325
2010
989
3521
2009
4418
50
2013
5471
1315
2670
1599
4987
2196
2157
260
4437
3817
4325
2303
257
4538
2918
5008
2933
2662
4628
4187
2436
1889
4071
768
249
1053
978
2756
3613
641
1462
724
3814
207
721
3177
2738
1102
3721
2903
1091
4442
3730
4445
4090
3538
4441
165
3430
2127
5216
4844
1401
923
4159
66
612
2871
1228
3067
965
4932
1260
918
2869
3387
4980
339
2097
4338
3666
2888
1348
1236
4667
3083
3377
1726
1655
3502
1839
4935
5077
4925
2812
1377
2891
895
1514
1675
4191
2380
1524
451
3614
3935
5144
222
3893
5285
907
1147
5583
2710
5078
1830
3890
2221
3687
5079
3986
3618
4480
1496
2456
2385
1845
4205
501
1836
1300
3306
3693
1752
3671
4673
4679
892
902
2778
2296
5511
3452
2245
2771
3629
1487
1849
2119
4224
2066
3233
4543
3724
173
696
2391
1762
3698
3560
4684
3641
4140
5674
1687
3220
5116
5558
3970
1854
3788
2909
3512
4235
3610
3161
1516
5095
2239
730
4634
4950
1858
847
2289
5433
3871
2683
3869
658
3734
371
391
800
2410
4305
4241
754
3335
959
801
2976
3646
4969
3647
829
3813
3014
3136
2656
3239
1120
4431
2878
2065
1651
5521
5423
2440
2442
5420
3601
5189
5103
3241
5604
1885
5010
1550
3223
1448
5338
4834
960
3544
1287
3293
926
2411
3079
4164
5228
5082
5284
3087
1252
1456
853
1465
4433
1568
834
4113
3542
4547
405
1834
5229
3495
1093
3996
4972
2163
4152
2874
5090
4459
4859
1051
1972
3637
2307
1721
454
5554
2860
3189
3628
675
1919
2949
4672
4488
5123
1745
434
674
3669
841
3453
2409
3164
4693
5146
4797
1331
2766
3811
4970
3266
1879
1625
3160
373
4904
2394
1887
540
2927
821
3483
2351
3355
3607
1322
820
3569
2827
5027
2302
5531
3691
4121
3989
1163
3308
3581
2985
3762
4370
2283
5053
3820
2025
2330
2929
5550
2604
2467
4828
2209
1668
2110
3285
4363
4470
1746
4335
1968
1740
2043
4203
2471
4756
3302
5138
3235
682
460
4388
4680
5126
5124
4769
4965
3728
1760
1607
4366
4326
3944
1909
4949
5456
4061
4349
2402
1635
1153
4787
1143
3395
5638
326
4982
1017
4101
2516
5227
3845
592
1265
1434
2996
3456
3696
1295
396
3155
3173
4976
615
4967
643
4134
1090
4444
824
5066
5617
2948
1944
4977
642
1640
1998
3636
2008
2550
4208
4386
566
4663
3418
1994
1619
1722
888
4214
2147
1569
499
840
5664
2835
3737
1620
350
4691
3469
4795
4348
1937
4964
5099
706
4371
1633
3170
2485
1855
4793
2790
927
3290
1324
1812
58
27
1064
2781
4600
5014
4571
3356
4909
4570
5579
3608
807
153
5507
5026
5526
5005
5163
1893
4505
3047
2859
3253
4253
1872
3933
3289
1167
4961
2275
2311
4528
5528
4808
1028
3815
1827
1087
3126
4548
4534
1346
5406
3025
3700
5059
2612
262
1938
2333
5161
4328
5546
636
2426
3184
3499
546
2331
5241
2950
1379
5086
312
183
4467
3498
4651
33
1484
4202
4381
2852
4709
2750
5361
890
4362
4711
5450
1133
2133
4219
3941
2481
1772
5013
4368
4229
2916
1564
34
3578
2099
4396
1767
4979
5594
3390
3808
4383
3806
284
3180
3605
1710
4806
1702
1045
4114
2862
4705
5394
3684
1282
4800
2395
2883
2252
752
1835
141
814
2849
4251
780
5034
2554
1910
1060
1392
5159
2169
5016
1055
3752
5562
2698
3769
5006
2628
1877
4811
2334
5640
1186
5230
5168
5038
4546
1540
668
3585
185
3263
3165
4400
1983
1632
5018
5109
1735
1554
3403
98
4022
4432
2278
3501
1191
4138
4733
2718
4007
2615
1646
5658
3750
2461
2452
4283
3759
3877
4183
1905
3055
1716
1440
4746
4783
406
1205
983
2059
3473
195
3760
4435
5046
3528
3527
777
1189
2803
697
5669
1996
4417
4357
2931
2310
4180
5237
3204
4377
4753
5060
4378
2562
2924
5143
1245
238
4631
2368
979
1903
2820
3496
4842
1400
2733
2220
2063
1587
4944
3704
1387
1459
3715
4641
3722
3998
4638
4440
4059
4518
4297
485
2358
3630
5218
1575
3008
4767
3280
5250
4766
4428
4781
2343
3548
154
3378
2596
5087
2921
2079
1650
4656
1330
3434
3994
5341
542
3999
2886
4734
876
2321
2711
1644
944
1673
4924
5607
808
2425
4119
4575
3195
2983
1793
1572
4387
5448
4369
1108
715
1985
1981
5272
4625
4820
138
3880
4250
3299
1932
1948
4479
2755
464
3878
4458
986
3915
3785
4192
2185
188
1250
5316
5156
3783
4841
1319
2418
3414
3426
3680
1298
3425
2900
2955
3979
2145
2320
4234
2053
1356
2132
704
2366
2381
5318
3060
4876
5089
2947
5455
617
5002
3227
4930
5000
3968
2107
2546
3466
3420
4093
3350
3371
4906
514
5368
5374
2248
3662
2855
698
2298
2085
3870
3929
4502
3800
2970
2969
4397
1417
2431
913
2405
429
1317
1694
1595
3197
3645
4917
2091
3993
1204
1178
1313
1708
5130
3072
935
111
4503
3033
3793
3822
1227
1234
1924
4894
49
1336
4636
4489
3347
4247
1684
1537
3927
2863
610
5035
2371
3341
1124
4244
4801
5007
4803
1335
1340
2688
5169
766
3789
3221
3097
3885
4529
827
4539
5402
3701
4892
4893
3749
5043
4837
1088
3819
3145
3270
4340
1114
2355
4116
5548
614
2598
692
4222
3429
4903
2875
4058
2730
5569
5352
427
2005
3549
2926
1198
4407
1939
315
4343
628
1092
2816
4127
1737
1376
1652
4298
4540
404
1351
1444
3400
2552
5588
877
4715
5418
4620
5177
5110
2022
3431
5112
544
5088
1593
4359
5028
981
495
1194
1166
872
2831
4065
1018
4775
5312
269
2494
3984
5320
2482
2154
3328
5381
695
1024
1216
5039
873
5167
4789
4501
4807
2882
465
588
3383
2765
2676
854
5262
5248
5093
5193
2826
5557
2087
3321
5313
2748
525
3672
5171
1113
1326
891
1382
3985
5357
2378
2472
1058
4109
4411
2583
2999
1362
5510
5178
3118
2337
151
1173
1418
4735
2121
1498
5118
3479
1337
2517
1884
3307
2304
6
1777
2904
1436
4374
3408
719
1723
1913
2424
1428
2706
1489
852
3200
4137
430
1445
2076
416
1867
4257
4216
3240
3576
5145
2578
1025
5154
1863
3745
2460
1039
693
5231
135
1837
2536
5518
1193
623
4794
5311
526
1347
2159
1466
5259
1065
4758
4500
4657
5544
1891
5431
957
5337
2457
3697
2523
1344
3983
1480
5485
4590
4583
2669
553
3741
1934
1430
2896
2588
1797
3616
916
3976
5221
1413
2774
161
934
1292
2004
1200
3484
5020
4556
3162
258
882
5563
3049
4595
83
4587
5458
2941
1748
5094
5308
1744
5147
2673
3461
5570
2141
2011
4694
4777
5642
4542
3258
1033
3024
4658
3012
4434
1488
389
323
1032
4586
1804
5209
5166
1388
3214
3311
5030
2474
1957
1806
5443
4358
2725
3796
5195
1137
5273
1852
1175
2898
3152
2876
793
2892
5476
3474
3866
3570
3650
1020
4227
1639
4997
3330
2263
5037
4786
4130
1012
100
409
842
4252
1534
1951
3389
2357
5482
4602
4177
5199
481
3855
2694
4017
5626
4103
5291
4451
5121
5129
1184
5494
5398
5044
4545
74
5397
5596
1544
1529
5344
3068
3754
4438
5021
3438
1000
1190
3753
5296
1701
2868
4960
4957
2997
4557
4725
4723
1707
4506
1997
4165
2605
3272
2441
2438
5660
2617
5247
5425
5304
2362
1813
5541
1239
2269
4173
2428
2293
3550
1717
2631
993
4171
1586
3286
4817
5242
2795
2054
5663
2162
1591
2199
4695
3146
1477
462
4755
4752
5417
1901
4484
4486
2390
774
1244
929
2726
241
2809
4019
5238
1576
633
2652
984
759
4531
3898
4862
3709
358
1590
5074
1374
1592
1549
4040
4830
4181
4254
5219
469
2332
64
3953
4242
4322
2342
4782
2594
1629
1630
1581
1624
1601
5635
4465
80
1584
3448
4466
5340
2230
3620
541
4412
3517
1779
1240
5438
2657
2663
1613
1609
2228
1622
440
1615
1574
1989
3231
3295
4189
1218
4287
5447
4051
3533
5620
3951
4813
4798
2324
3876
4522
1658
2818
2901
3447
189
2608
2895
1314
458
3394
2453
2322
5590
3812
4989
4823
4866
1503
2272
1682
4315
2396
5324
1612
3634
3980
2260
1792
3625
5270
5330
5457
3781
4873
4852
2689
2681
5131
1962
4728
3463
2746
2965
5275
5137
1753
4553
5388
3344
3703
4738
5560
1500
4094
1095
2096
2398
2365
1370
3222
2088
1693
3801
1040
2984
3105
1115
3799
3477
4067
4313
3639
2498
3640
5391
4030
4908
131
3514
4126
4569
1705
5155
3158
871
3026
958
2448
632
321
2042
4055
5519
4991
2648
5478
2259
2729
2033
2264
320
3343
1771
1156
517
1486
2675
2483
4132
5139
5371
5165
4612
4256
1211
5151
2672
3143
4765
1495
4350
172
4610
4596
3039
3128
2732
1802
443
2728
5400
2994
4455
4469
4175
912
3748
1463
2962
2559
2292
4278
3692
3063
3296
3862
2501
4649
3837
1171
2060
4303
3115
2540
1036
4700
4076
4946
961
813
5653
655
2555
4153
4154
199
4356
5446
1213
1206
5334
4185
4311
5172
4665
5516
3758
2414
3857
3370
3201
764
2646
5041
5015
5282
2423
2218
28
1449
4307
5430
974
4142
1815
5173
2830
4288
3075
4217
720
3237
3360
5445
3982
1501
2841
751
5616
3449
2430
4512
5031
3153
3242
2851
2564
4637
2327
5586
3992
3961
4413
2374
3091
4574
3458
3352
1391
5461
908
3342
3336
3910
5333
3895
823
5136
2416
3602
2201
1789
3590
4461
4321
4768
4643
5639
1608
2956
4867
1769
3956
1848
1768
2489
2716
2432
2749
1756
1126
3604
4049
9
3034
1947
3284
3175
2527
4515
4928
2902
4648
3405
5347
4576
4037
4760
210
3873
640
104
130
1547
2189
5379
3018
3297
5645
2377
2131
3674
309
5651
4268
4660
3766
3357
2789
5649
3913
1380
2653
2140
1276
2668
5578
970
833
3138
5533
5174
2758
2912
474
2212
3317
4309
1393
101
5591
1410
644
1665
13
5057
5500
4299
976
621
5133
3899
3052
3731
3872
5182
3472
4289
5298
2284
5677
186
5592
1365
845
4274
656
23
5214
11
971
3450
947
4319
1373
4527
1787
2558
3022
2142
5577
2847
4621
2045
3234
4420
2089
2242
3224
584
5613
4218
2853
4443
4282
2382
2665
1323
4724
2052
4204
3926
5529
1538
3688
407
2991
1515
3148
5310
3751
2693
4449
5290
1875
3273
4681
4013
1881
3485
497
4785
4814
39
2420
3166
3545
1286
930
2186
1457
445
4023
509
2188
5301
5297
1886
4005
5001
5532
3410
1403
2995
3104
5366
4810
3901
1139
2796
2763
1563
3767
4167
3101
5656
3005
3349
5307
2300
1074
2370
2149
3050
4919
3553
985
3596
2630
2624
770
3111
4818
5251
5049
3413
4927
4144
524
705
4737
1916
1917
3268
1363
3886
2143
784
4885
1713
3424
239
329
2213
4220
4301
4379
3784
4562
5426
2130
5598
5255
4832
1399
5108
5075
5572
5575
5200
5201
2210
4280
4239
2466
3660
4178
4555
1953
421
5092
2294
5019
539
1397
856
2305
2073
1798
2225
4042
2340
2661
2369
1604
510
1979
2787
937
1073
1556
2785
3780
1222
5351
2585
5125
4858
3948
413
3950
3088
1084
4046
3313
2081
5111
3884
5323
2399
4524
5362
2525
2018
2195
946
2388
2565
167
3455
1842
2205
3875
4316
1661
5451
1656
1653
3633
4421
2463
4770
1390
2686
4727
2986
3108
5283
182
3315
1472
991
2389
3708
4742
5274
3422
2030
4566
114
2090
3864
1342
5537
5142
5614
2364
1004
4063
3626
4064
5401
4890
4028
3963
2037
5127
3106
1851
2226
4779
3015
4054
4399
3345
3147
4361
5390
5104
4689
4157
3554
2611
951
603
2046
1310
1703
5346
4726
3803
5073
1283
4231
3140
2144
1343
2907
3017
5634
4981
5198
386
5343
694
2470
1628
1955
1316
1588
3772
2737
4745
71
4120
3903
1424
4115
3375
3575
5196
758
1142
4937
2064
3265
5571
3399
906
1333
3777
2235
816
4491
2198
5668
4174
547
3225
2336
2299
5452
1822
3144
1853
5643
3275
288
2620
2531
2836
5636
2024
5520
637
798
1358
1349
4079
2987
1706
230
4098
1805
4477
317
1199
846
4172
4558
3887
3035
5395
5353
2973
3530
4029
1281
4697
1796
857
2048
5335
2455
5502
2080
2098
3202
3276
3181
311
3930
1712
2174
214
4963
4339
3947
5525
4111
2801
5509
365
4650
4666
4304
5325
3916
3137
4874
4243
878
2491
3861
2197
3172
3470
534
5211
1483
2643
1810
838
837
2752
5190
3683
4868
2238
5685
3331
5051
5386
87
1946
3327
283
5040
4774
2356
4259
5427
702
2222
5462
1378
1826
4971
2975
2920
390
3940
4773
4618
411
1844
2108
5385
2497
2191
1454
2742
4285
1738
2814
433
928
5599
2347
3823
1709
3902
5025
5148
886
1426
2691
4701
994
2446
2092
4995
2978
4640
3746
868
1719
5393
2971
4161
4544
2633
870
2636
5501
1536
5608
4533
5547
744
1965
4594
885
5580
3248
1801
1255
1450
298
3742
3739
2660
2889
3163
5204
3251
2942
1685
4856
3520
4020
5475
4107
1224
634
1027
4549
4645
35
4424
435
3056
5479
900
1843
4069
4329
2
4284
849
2029
3392
270
5654
3946
3287
1662
1231
5499
1961
855
5232
5303
2206
3247
2503
4124
3936
4365
4739
3236
1192
3139
4619
428
3439
2138
3440
2386
3906
4070
5332
4245
4266
5467
1641
2137
4176
1736
848
4682
4578
1476
192
2427
2002
5530
2798
4403
2039
2250
990
3322
4053
3030
4460
3020
1874
843
2861
2224
4450
324
2549
3565
4784
3303
4710
3487
3259
2353
4333
3977
1453
4096
1553
291
2041
3042
1892
2254
3300
4955
2177
2170
375
94
4805
255
3203
4719
1100
3883
4002
1993
3978
4345
3843
1880
3516
5224
446
3132
2219
3939
1803
5306
3571
128
1299
3863
3717
3574
5561
1203
5050
4791
332
3524
4456
4899
3057
1119
3859
229
1833
3828
1468
1897
1715
4884
112
4035
5058
370
2569
4831
4869
4021
2884
1976
1070
2915
3611
5574
3726
2036
1414
4246
3116
2515
2129
2775
271
5648
3384
2072
4646
8
2313
2504
2077
1923
2422
4389
2832
5602
669
5188
1617
2584
2468
301
1980
1273
492
1050
3441
1085
4703
4629
4740
5322
4043
5618
2323
1072
2233
939
4526
1083
2811
4248
1037
310
1995
2027
3670
5363
763
4589
1683
1329
4857
5416
218
3446
2350
3500
1904
5584
4170
5483
5268
2963
5659
2187
1850
3690
4559
4564
3736
1409
3598
647
3556
5449
2309
3465
5606
3653
2486
1044
2173
5345
4670
1360
2714
1634
1697
25
1172
5682
1671
844
4179
4611
1246
3675
4193
286
963
4232
3029
2667
3932
3267
4907
361
2359
5085
5084
4761
5629
858
1669
4102
3973
5064
1129
4385
3257
5459
548
4674
5373
3659
2105
5276
1831
155
1764
2521
5279
4799
749
5208
4317
1775
5488
3254
2952
2741
1269
2496
861
2982
3988
121
5181
620
4240
5647
1367
136
515
4827
1963
3262
4926
3432
1820
2998
962
1272
731
585
4281
4151
384
4731
1041
2001
3830
3503
938
2507
5612
1900
4707
1800
3854
1933
4010
93
4033
2014
4410
5383
3943
865
5684
4474
2954
5359
1828
2241
277
2894
5466
4436
4118
3488
2126
1866
2280
1618
4398
3150
2146
819
3125
2539
3213
4215
1522
4156
4772
3459
5215
4882
1243
3134
964
2479
5342
3716
2348
2152
1215
5460
1149
1212
1918
1790
2872
4354
4581
2879
2642
63
1571
2211
5662
4169
4355
394
184
3462
4123
1248
2344
1415
1288
5632
4117
5071
4860
5267
1277
889
5249
4843
3914
176
604
2166
10
442
5435
5045
4560
2828
5637
5627
4510
4085
2200
4901
5631
5576
2034
3028
452
5153
2723
5535
2858
3945
2782
425
2959
449
5542
5235
2988
3991
2717
322
1160
4519
3372
3379
2905
2354
4077
4075
3291
0
3782
3510
3925
4088
5543
2513
1730
125
1422
1711
5392
5070
2957
4255
206
1225
3934
2731
3912
2561
4880
5234
3827
4490
3860
1105
4523
1063
3655
89
4068
5681
773
3102
3563
1626
3059
1512
4162
1950
760
5552
2175
4804
1080
4838
175
879
1188
2151
1780
3353
3120
242
2112
1452
4517
5266
494
2158
496
4360
4302
3798
4275
3810
4149
743
3535
2802
1952
3900
3958
5183
5655
4012
4026
213
3965
3084
4487
2520
4748
2865
663
3891
2464
3547
5527
4561
5375
4415
1859
5470
2609
3076
2897
2938
4166
792
2326
5405
2607
3133
4839
3654
5611
236
4128
1494
2019
3019
4861
5263
1672
5185
4482
5329
1724
3719
3179
2458
1902
4895
3326
5186
2231
5289
527
22
503
5497
1838
4704
4668
1542
4717
5495
1474
2270
4112
3325
5305
30
2666
2261
2914
2807
529
2171
3167
713
2277
714
4792
3486
356
1285
520
3786
1312
4352
4718
1784
5128
3001
3209
1111
3409
2500
2271
5239
5226
521
3579
5404
4504
1906
5048
1196
4331
4332
2674
4011
4653
299
611
1718
1660
4104
61
2821
297
1385
2214
1582
2640
4439
2530
2911
3928
5421
1680
787
3048
4213
5009
2773
4324
149
1621
2522
2101
2519
360
2433
1384
4973
3085
1943
797
1642
5254
5524
2786
1969
302
4509
2645
2682
3707
3714
4045
1047
1841
1054
4291
5350
5105
4066
5595
5615
4286
1603
996
2339
2338
359
147
812
5113
3918
2573
1999
1301
232
1042
2488
408
3156
226
898
1513
897
51
4223
5503
453
2182
732
3171
2421
439
3271
4730
4496
685
5413
3490
4150
4095
1733
448
318
4994
296
2658
2610
666
3676
894
228
531
4513
2777
62
586
2743
4347
2592
308
701
2635
2857
140
563
3154
5278
5117
771
5517
3348
5553
775
1303
5380
5286
4108
1860
5581
3582
4105
2951
3032
3021
4264
740
2551
5676
4133
5349
1297
5287
2885
1551
3427
5150
3729
5054
4696
4483
2392
2408
2415
4453
3292
4536
4300
3229
3230
3515
3949
1786
2680
5176
3835
3027
2925
1704
354
4186
2943
2249
606
14
3896
4939
2373
280
4262
680
2349
4530
850
2532
2279
3003
4614
1473
4375
2435
4346
1155
2917
3657
4520
2720
1926
3850
1507
3491
3832
2614
43
4951
44
4845
5179
538
5319
4999
3892
3064
2134
5670
4685
5492
1945
2757
3507
54
1247
619
2712
276
4714
3210
4125
4915
3398
402
1416
5292
3023
1692
4056
3362
4606
2345
859
2953
2363
3541
3525
2285
3679
597
5097
1664
660
3320
1862
3846
115
122
4454
3711
3770
4018
4713
2846
2183
1521
2586
4073
2935
782
3038
3764
2290
2936
3298
3555
2315
5403
1257
2618
4911
2699
2602
2724
1700
3897
3078
2514
4840
1535
3107
1275
4853
2880
2979
333
1975
741
3373
5622
227
3467
4097
577
2181
3981
3972
3476
3566
2545
423
4086
4848
177
2291
3723
77
4669
5336
3113
3216
3733
2056
3178
1734
4943
933
689
508
1511
832
4886
4373
4732
2591
5205
5434
2735
432
4141
5067
3277
5068
2017
3407
1306
3775
4929
4931
1567
1888
3790
1681
46
536
2687
2253
1714
5496
1078
5203
266
3923
1870
3207
523
1368
4327
1667
691
60
3905
648
3720
3964
4661
5675
2524
3773
1929
4195
4554
3366
2619
117
3010
4910
3365
3367
686
90
4934
2800
3002
4429
1352
5650
4228
5326
3274
3168
4879
1966
2450
3006
2621
2297
2178
1690
4698
992
363
3095
4613
3464
3141
1610
1291
4402
3776
5
2553
1334
2589
5665
4593
3848
3853
17
5158
5140
3997
5076
753
2762
3044
1493
5605
4001
362
2696
5180
5233
5623
2627
1739
1988
4676
2314
4036
2016
5252
5633
3632
2566
4081
2106
2922
4200
4199
4492
2603
3192
1666
4292
665
4591
1271
1138
4089
5187
4900
1492
1402
2495
2184
2928
3252
4609
3109
3334
1289
3457
3468
3110
631
5389
1579
3568
1075
4833
2451
2783
1982
4875
687
3046
555
3188
4624
2641
422
5441
2574
1925
2977
2202
2754
909
2057
2893
513
747
1757
2150
4938
3967
127
1127
420
4959
4003
1631
1770
5399
441
2815
3339
2434
3712
4201
2490
3043
2940
3279
18
5132
1627
3323
2417
3081
4334
263
5409
4367
4626
4958
1727
2844
1689
285
225
5360
479
2508
4897
3821
4816
108
2286
3552
1057
3354
2570
4592
2590
307
2148
3667
4759
4048
1766
3217
1154
1164
4147
4462
3852
4966
2599
2567
4323
3942
3557
2866
3792
2873
3539
2856
554
5469
1332
5012
3489
292
5437
1585
781
2990
1341
2695
2685
3305
2316
4091
1094
3586
3080
3437
3583
5556
4447
3938
3388
1912
1279
1548
4044
5678
2038
2403
3558
4687
2810
3007
5587
5376
4318
3196
4306
3735
2981
1956
2839
5032
1873
2626
1451
573
3428
3391
3433
150
5023
1623
608
1136
2023
3103
4896
4476
2404
836
3228
5429
4532
5264
119
1991
1743
2543
512
4788
4912
2533
3917
3194
4579
756
1359
2044
5644
723
2509
5102
330
483
1890
3169
116
997
438
3706
5444
2192
3329
543
4197
601
980
4320
561
3794
4207
772
4353
1321
2974
1678
457
399
3867
2518
491
2825
3774
4158
4384
3471
683
690
1677
2462
4038
3340
2406
4968
1437
4468
471
727
4835
4131
1003
4947
3868
3206
915
42
3004
2510
3537
1469
4194
3504
4409
264
2644
4864
5384
3513
4537
799
403
3658
3054
1823
3443
1177
3385
4344
4478
3661
190
2262
3009
3406
4975
3412
2240
688
1355
671
5065
3386
5683
2944
1763
3879
1241
2727
3481
3761
3301
201
2243
2678
5256
3090
1135
5280
2934
3051
3094
5197
4508
2654
3174
2251
3638
2964
1439
244
676
651
1637
4
477
3656
67
3694
2972
437
2203
2819
3199
4310
2623
1429
1219
3070
672
5536
3508
2306
7
1670
2664
397
1069
82
124
1048
1598
4898
3401
562
335
95
3889
3121
3506
3599
4168
4082
3824
303
3592
558
1819
3198
)


// ************************************************************************* //
