/*--------------------------------*- C++ -*----------------------------------*\
| =========                 |                                                 |
| \\      /  F ield         | OpenFOAM: The Open Source CFD Toolbox           |
|  \\    /   O peration     | Version:  v2012                                 |
|   \\  /    A nd           | Website:  www.openfoam.com                      |
|    \\/     M anipulation  |                                                 |
\*---------------------------------------------------------------------------*/
FoamFile
{
    version     2.0;
    format      ascii;
    class       vectorField;
    location    "constant/polyMesh";
    object      points;
}
// * * * * * * * * * * * * * * * * * * * * * * * * * * * * * * * * * * * * * //


2134
(
(0.5 0 0)
(-0.5 -6.123233996e-17 0)
(-0.5 -6.123233996e-17 40)
(0.5 0 40)
(0.4382543955 0.2406929264 0)
(0.2663310438 0.4231640049 0)
(0.0197763886 0.4996087414 0)
(-0.2314021428 0.443230243 0)
(-0.4257701779 0.2621445319 0)
(-0.4349145486 -0.2466765805 0)
(-0.2579682519 -0.4283134145 0)
(-0.007903830934 -0.4999375256 0)
(0.2392157007 -0.4390624654 0)
(0.4284282054 -0.2577775646 0)
(0.434486048 0.247430544 40)
(0.258663048 0.4278941781 40)
(0.01302279249 0.4998303781 40)
(-0.2353860732 0.4411274153 40)
(-0.4269467769 0.2602238453 40)
(-0.4349145486 -0.2466765805 40)
(-0.2579682519 -0.4283134145 40)
(-0.007903830934 -0.4999375256 40)
(0.2392157007 -0.4390624654 40)
(0.4284282054 -0.2577775646 40)
(-0.5 -6.123233996e-17 39.72924758)
(-0.5 -6.123233996e-17 39.44896307)
(-0.5 -6.123233996e-17 39.17700794)
(-0.5 -6.123233996e-17 38.89172687)
(-0.5 -6.123233996e-17 38.62860692)
(-0.5 -6.123233996e-17 38.36089366)
(-0.5 -6.123233996e-17 38.0855137)
(-0.5 -6.123233996e-17 37.81619449)
(-0.5 -6.123233996e-17 37.5379016)
(-0.5 -6.123233996e-17 37.28476179)
(-0.5 -6.123233996e-17 37.00378205)
(-0.5 -6.123233996e-17 36.73446284)
(-0.5 -6.123233996e-17 36.46514363)
(-0.5 -6.123233996e-17 36.19582442)
(-0.5 -6.123233996e-17 35.91489749)
(-0.5 -6.123233996e-17 35.64478749)
(-0.5 -6.123233996e-17 35.36802525)
(-0.5 -6.123233996e-17 35.09375055)
(-0.5 -6.123233996e-17 34.82443134)
(-0.5 -6.123233996e-17 34.53651436)
(-0.5 -6.123233996e-17 34.26719515)
(-0.5 -6.123233996e-17 33.97927817)
(-0.5 -6.123233996e-17 33.70995896)
(-0.5 -6.123233996e-17 33.44063975)
(-0.5 -6.123233996e-17 33.16443408)
(-0.5 -6.123233996e-17 32.88960281)
(-0.5 -6.123233996e-17 32.60168583)
(-0.5 -6.123233996e-17 32.33856588)
(-0.5 -6.123233996e-17 32.06924666)
(-0.5 -6.123233996e-17 31.79992745)
(-0.5 -6.123233996e-17 31.51201047)
(-0.5 -6.123233996e-17 31.23159532)
(-0.5 -6.123233996e-17 30.95477428)
(-0.5 -6.123233996e-17 30.69165433)
(-0.5 -6.123233996e-17 30.40373735)
(-0.5 -6.123233996e-17 30.14061739)
(-0.5 -6.123233996e-17 29.87221563)
(-0.5 -6.123233996e-17 29.61932602)
(-0.5 -6.123233996e-17 29.35300198)
(-0.5 -6.123233996e-17 29.06708638)
(-0.5 -6.123233996e-17 28.79576579)
(-0.5 -6.123233996e-17 28.50784881)
(-0.5 -6.123233996e-17 28.2385296)
(-0.5 -6.123233996e-17 27.96921039)
(-0.5 -6.123233996e-17 27.69989118)
(-0.5 -6.123233996e-17 27.43183707)
(-0.5 -6.123233996e-17 27.14885424)
(-0.5 -6.123233996e-17 26.8634952)
(-0.5 -6.123233996e-17 26.59671906)
(-0.5 -6.123233996e-17 26.33644181)
(-0.5 -6.123233996e-17 26.05811574)
(-0.5 -6.123233996e-17 25.77920562)
(-0.5 -6.123233996e-17 25.50988641)
(-0.5 -6.123233996e-17 25.22196943)
(-0.5 -6.123233996e-17 24.95265022)
(-0.5 -6.123233996e-17 24.68333101)
(-0.5 -6.123233996e-17 24.4013968)
(-0.5 -6.123233996e-17 24.12609482)
(-0.5 -6.123233996e-17 23.83817784)
(-0.5 -6.123233996e-17 23.56885863)
(-0.5 -6.123233996e-17 23.29691751)
(-0.5 -6.123233996e-17 23.0302202)
(-0.5 -6.123233996e-17 22.74230322)
(-0.5 -6.123233996e-17 22.47298401)
(-0.5 -6.123233996e-17 22.18506703)
(-0.5 -6.123233996e-17 21.91095099)
(-0.5 -6.123233996e-17 21.64019858)
(-0.5 -6.123233996e-17 21.35871135)
(-0.5 -6.123233996e-17 21.09539167)
(-0.5 -6.123233996e-17 20.82607246)
(-0.5 -6.123233996e-17 20.54108669)
(-0.5 -6.123233996e-17 20.27570169)
(-0.5 -6.123233996e-17 20.00494927)
(-0.5 -6.123233996e-17 19.73019785)
(-0.5 -6.123233996e-17 19.46707789)
(-0.5 -6.123233996e-17 19.19775868)
(-0.5 -6.123233996e-17 18.92843947)
(-0.5 -6.123233996e-17 18.65912026)
(-0.5 -6.123233996e-17 18.38980105)
(-0.5 -6.123233996e-17 18.12048184)
(-0.5 -6.123233996e-17 17.85116262)
(-0.5 -6.123233996e-17 17.58427976)
(-0.5 -6.123233996e-17 17.3125242)
(-0.5 -6.123233996e-17 17.04320499)
(-0.5 -6.123233996e-17 16.77388578)
(-0.5 -6.123233996e-17 16.50456657)
(-0.5 -6.123233996e-17 16.23524735)
(-0.5 -6.123233996e-17 15.94733038)
(-0.5 -6.123233996e-17 15.67801116)
(-0.5 -6.123233996e-17 15.40752562)
(-0.5 -6.123233996e-17 15.12603839)
(-0.5 -6.123233996e-17 14.85765502)
(-0.5 -6.123233996e-17 14.56973804)
(-0.5 -6.123233996e-17 14.30661808)
(-0.5 -6.123233996e-17 14.03229391)
(-0.5 -6.123233996e-17 13.7615415)
(-0.5 -6.123233996e-17 13.48006268)
(-0.5 -6.123233996e-17 13.19319963)
(-0.5 -6.123233996e-17 12.92282649)
(-0.5 -6.123233996e-17 12.64095999)
(-0.5 -6.123233996e-17 12.37557498)
(-0.5 -6.123233996e-17 12.09627109)
(-0.5 -6.123233996e-17 11.82333533)
(-0.5 -6.123233996e-17 11.5390349)
(-0.5 -6.123233996e-17 11.26971568)
(-0.5 -6.123233996e-17 11.00571068)
(-0.5 -6.123233996e-17 10.72422345)
(-0.5 -6.123233996e-17 10.44935954)
(-0.5 -6.123233996e-17 10.16144256)
(-0.5 -6.123233996e-17 9.892123347)
(-0.5 -6.123233996e-17 9.619744158)
(-0.5 -6.123233996e-17 9.334887156)
(-0.5 -6.123233996e-17 9.065567944)
(-0.5 -6.123233996e-17 8.780649874)
(-0.5 -6.123233996e-17 8.508331753)
(-0.5 -6.123233996e-17 8.239012542)
(-0.5 -6.123233996e-17 7.963025221)
(-0.5 -6.123233996e-17 7.681776351)
(-0.5 -6.123233996e-17 7.410785576)
(-0.5 -6.123233996e-17 7.12454016)
(-0.5 -6.123233996e-17 6.855220949)
(-0.5 -6.123233996e-17 6.567303969)
(-0.5 -6.123233996e-17 6.304523153)
(-0.5 -6.123233996e-17 6.037064248)
(-0.5 -6.123233996e-17 5.761090793)
(-0.5 -6.123233996e-17 5.491771582)
(-0.5 -6.123233996e-17 5.228651626)
(-0.5 -6.123233996e-17 4.959332415)
(-0.5 -6.123233996e-17 4.671415435)
(-0.5 -6.123233996e-17 4.391080126)
(-0.5 -6.123233996e-17 4.1203785)
(-0.5 -6.123233996e-17 3.851059289)
(-0.5 -6.123233996e-17 3.587939333)
(-0.5 -6.123233996e-17 3.300022354)
(-0.5 -6.123233996e-17 3.036902398)
(-0.5 -6.123233996e-17 2.748985419)
(-0.5 -6.123233996e-17 2.479666207)
(-0.5 -6.123233996e-17 2.210346996)
(-0.5 -6.123233996e-17 1.927471352)
(-0.5 -6.123233996e-17 1.653110805)
(-0.5 -6.123233996e-17 1.365193825)
(-0.5 -6.123233996e-17 1.095874614)
(-0.5 -6.123233996e-17 0.8283594683)
(-0.5 -6.123233996e-17 0.544837679)
(-0.5 -6.123233996e-17 0.2814872304)
(0.2692709752 0.003723904205 0)
(0.1450226255 0.2369777926 0)
(-0.123851437 0.2457854017 0)
(-0.2732535992 0.004261639867 0)
(-0.137040595 -0.2395331451 0)
(0.1289190279 -0.2428680078 0)
(-0.0001007749644 0.0009813973698 0)
(0.268499932 0.005409341094 40)
(0.1416867614 0.2389491079 40)
(-0.1264607302 0.2453090942 40)
(-0.2738521493 0.003854718726 40)
(-0.1372096017 -0.2393403319 40)
(0.1288200968 -0.2422872774 40)
(-0.001005300476 0.001586446101 40)
(0.4847515195 0.1225396441 39.76908085)
(0.3622074784 0.3446820892 39.77950577)
(0.14987865 0.4770077466 39.78636443)
(-0.09719378865 0.4904624017 39.78928859)
(-0.3098403868 0.3924269801 39.79159551)
(-0.4537011022 0.210131649 39.77409286)
(-0.3720433892 -0.3340414893 39.75832746)
(-0.146105058 -0.4781770718 39.7597658)
(0.1209025702 -0.4851624146 39.76770627)
(0.3471527363 -0.3598402113 39.76150304)
(0.4812665645 -0.1355820559 39.76465524)
(-0.4475729683 -0.2228866035 39.5477039)
(-0.4342011034 -0.2479302357 39.03115077)
(-0.4427195234 -0.2323777605 38.48037199)
(-0.4395266262 -0.2383617941 37.94259706)
(-0.4399364607 -0.2376045255 37.40718787)
(-0.4388275889 -0.239646296 36.86722102)
(-0.4377554233 -0.2415992329 36.32495291)
(-0.4375834439 -0.2419105819 35.78031591)
(-0.4374006727 -0.2422408956 35.23037335)
(-0.4374733754 -0.242109574 34.67354889)
(-0.4382668712 -0.2406702092 34.11579557)
(-0.4437123951 -0.2304762688 33.57000824)
(-0.442607521 -0.2325910195 33.02279581)
(-0.4441116763 -0.2297059403 32.46858689)
(-0.4391838003 -0.2389928651 31.92447281)
(-0.43868733 -0.2399029523 31.36924306)
(-0.4376835545 -0.2417294068 30.82039822)
(-0.4398474734 -0.2377692161 30.27107932)
(-0.443330635 -0.2312097492 29.7406554)
(-0.4429553052 -0.231928001 29.20276958)
(-0.4441792839 -0.2295751811 28.65457246)
(-0.4452024592 -0.2275846443 28.10682102)
(-0.4399603777 -0.2375602367 27.56095175)
(-0.4397855975 -0.2378836443 27.0059879)
(-0.4442529629 -0.2294325717 26.46433241)
(-0.443466041 -0.2309499306 25.92062164)
(-0.4431115952 -0.2316292602 25.36459559)
(-0.4401496771 -0.2372093205 24.81757502)
(-0.4398446329 -0.2377744707 24.26395485)
(-0.4397244842 -0.2379965924 23.7020697)
(-0.4393774602 -0.2386366432 23.15710893)
(-0.4384001047 -0.2404274281 22.60281714)
(-0.4362794415 -0.2442544757 22.04620735)
(-0.4383573412 -0.2405053875 21.49940893)
(-0.43581646 -0.2450796059 20.95035382)
(-0.437368811 -0.2422984176 20.40988666)
(-0.4388151868 -0.2396690047 19.86475403)
(-0.4399961874 -0.2374939054 19.32497962)
(-0.4442301846 -0.2294766722 18.79168406)
(-0.4455045029 -0.2269928145 18.25194627)
(-0.4478573843 -0.2223145595 17.71756738)
(-0.4478154339 -0.2223990494 17.18055339)
(-0.4466932258 -0.2246445238 16.63498974)
(-0.4411643658 -0.2353168127 16.09042152)
(-0.4393033626 -0.2387730211 15.53845486)
(-0.4387211707 -0.2398410606 14.99137389)
(-0.4388626245 -0.2395821296 14.43892404)
(-0.4387319932 -0.2398212628 13.8900874)
(-0.4376765143 -0.2417421536 13.33837705)
(-0.4374304034 -0.2421872048 12.78746354)
(-0.4387105611 -0.2398604669 12.23187355)
(-0.441211798 -0.2352278668 11.68621169)
(-0.4416292412 -0.2344431984 11.13751875)
(-0.4409578472 -0.2357035787 10.58535545)
(-0.4396763886 -0.2380854329 10.02488013)
(-0.4439136426 -0.2300884132 9.476427822)
(-0.4299631773 -0.2552090636 8.928532018)
(-0.4349680316 -0.246582261 8.367552028)
(-0.4370189542 -0.2429288655 7.814050147)
(-0.4386680605 -0.2399381851 7.262822578)
(-0.442367648 -0.2330469137 6.71004443)
(-0.4426602719 -0.2324906098 6.170092073)
(-0.441949604 -0.2338387211 5.625283256)
(-0.4430374109 -0.231771121 5.082984427)
(-0.4451594598 -0.2276687404 4.531303606)
(-0.4473349772 -0.2233638694 3.991241578)
(-0.44667172 -0.2246872817 3.444569119)
(-0.4460405084 -0.2259377455 2.895008198)
(-0.4431922387 -0.2314749222 2.346525661)
(-0.4414453901 -0.2347891981 1.794592705)
(-0.4409204705 -0.2357734903 1.240604284)
(-0.446285932 -0.2254525824 0.6950102508)
(-0.3762189687 -0.329331577 0.2425129412)
(0.1158349992 -0.4863972173 0.2481069401)
(0.4784870504 -0.1450866726 0.2391298174)
(0.3723892587 0.3336558706 0.2424483592)
(-0.08188667023 0.4932489972 0.2552995858)
(-0.4600120096 0.1959309854 39.51592796)
(-0.4523284772 0.2130702905 39.24965883)
(-0.4554674528 0.2062750576 38.9736713)
(-0.4539870519 0.2095131422 38.70143279)
(-0.4531275641 0.2113655853 38.43207528)
(-0.4516350829 0.2145361319 38.16136355)
(-0.4528099098 0.2120452443 37.89213272)
(-0.4534046233 0.2107706042 37.62030459)
(-0.4527971969 0.2120723897 37.3516363)
(-0.4532889321 0.2110192978 37.08068066)
(-0.4528903395 0.2118734065 36.80932044)
(-0.4530241513 0.2115871413 36.53844244)
(-0.4519545426 0.2138623189 36.26647182)
(-0.4532455451 0.211112472 35.9939916)
(-0.4528654039 0.2119266994 35.719496)
(-0.4528676263 0.2119219503 35.44410819)
(-0.4515627112 0.2146884204 35.16781166)
(-0.4514316739 0.2149638197 34.89391021)
(-0.4530360706 0.2115616192 34.61672772)
(-0.4520585048 0.2136424775 34.33670647)
(-0.4526317036 0.2124253773 34.0612656)
(-0.4519353046 0.2139029697 33.78796167)
(-0.4538404057 0.209830613 33.51368236)
(-0.4537962772 0.2099260318 33.23744598)
(-0.4540314987 0.209416805 32.96191486)
(-0.4546318817 0.2081101924 32.68445372)
(-0.4531055077 0.2114128637 32.41010965)
(-0.4520854481 0.2135854575 32.13772593)
(-0.45237812 0.2129648717 31.86571282)
(-0.4529672946 0.2117088331 31.58888639)
(-0.4523910854 0.2129373285 31.31075839)
(-0.4535333906 0.2104933815 31.03429287)
(-0.4521912293 0.213361412 30.75865992)
(-0.451441242 0.2149437251 30.48927067)
(-0.4521857322 0.213373062 30.21811242)
(-0.4522682817 0.2131980333 29.94973706)
(-0.4520611301 0.2136369226 29.68377466)
(-0.4518596612 0.2140627165 29.41603766)
(-0.4545904638 0.2082006489 29.14453464)
(-0.4550810329 0.2071261778 28.86925979)
(-0.4557043242 0.2057512306 28.59013933)
(-0.4554833249 0.2062400077 28.3199866)
(-0.4553666478 0.2064974966 28.04520997)
(-0.4548935703 0.2075375622 27.77277605)
(-0.4528987516 0.2118554243 27.49725568)
(-0.453630608 0.210283788 27.22673134)
(-0.4543130938 0.208805203 26.95313305)
(-0.4543917324 0.208634018 26.67716969)
(-0.4546809518 0.2080029616 26.40653654)
(-0.4554028214 0.2064177082 26.13287729)
(-0.4553448333 0.206545595 25.85617248)
(-0.4549870291 0.2073325912 25.580647)
(-0.4548722947 0.207584189 25.30162588)
(-0.453396471 0.2107881402 25.03043988)
(-0.4535461164 0.2104659601 24.75541824)
(-0.4546014722 0.2081766113 24.47941701)
(-0.4534977726 0.2105701077 24.20019554)
(-0.4539064401 0.2096877288 23.92653826)
(-0.4539498834 0.2095936625 23.64777187)
(-0.453090954 0.2114440527 23.37216549)
(-0.4529846855 0.21167162 23.09859831)
(-0.4530295286 0.2115756276 22.82142842)
(-0.4517173766 0.2143628038 22.54343701)
(-0.4534882692 0.2105905737 22.27147895)
(-0.4523942778 0.212930546 21.99127695)
(-0.4530929986 0.2114396713 21.71718394)
(-0.4525318616 0.2126379887 21.44335235)
(-0.4521179155 0.2135167218 21.17139247)
(-0.4525676159 0.2125618805 20.89961058)
(-0.4522031609 0.2133361228 20.62419875)
(-0.4531343649 0.211351005 20.35265367)
(-0.4534643588 0.210642055 20.08184678)
(-0.4531911416 0.2112292337 19.81178948)
(-0.4524706492 0.212768211 19.54276896)
(-0.4523602687 0.213002787 19.27396452)
(-0.4517001479 0.2143991054 19.00390835)
(-0.452841109 0.2119786074 18.73533748)
(-0.4530095887 0.2116183181 18.46582127)
(-0.4527414573 0.2121913589 18.19582269)
(-0.4542432089 0.2089571899 17.9273308)
(-0.4535555892 0.2104455452 17.657334)
(-0.4544212574 0.2085697026 17.38847633)
(-0.4556630777 0.2058425602 17.11892528)
(-0.4542438783 0.2089557347 16.8471295)
(-0.4555567072 0.2060778653 16.5765182)
(-0.4551065092 0.2070701941 16.30374268)
(-0.4540164303 0.2094494712 16.02668222)
(-0.4535597885 0.2104364947 15.75098772)
(-0.4523976982 0.2129232788 15.48230099)
(-0.4540585962 0.2093580456 15.20607977)
(-0.4522645348 0.2132059816 14.92917308)
(-0.4522585781 0.2132186168 14.65241382)
(-0.4524499317 0.212812263 14.37902972)
(-0.4515034823 0.2148129546 14.10407824)
(-0.4517994292 0.2141898125 13.82844974)
(-0.4523454096 0.213034341 13.55680542)
(-0.453419868 0.210737807 13.27690691)
(-0.4531637668 0.2112879562 12.99760861)
(-0.4534494667 0.2106741113 12.7254596)
(-0.4520361918 0.2136896847 12.44838636)
(-0.4530280639 0.2115787639 12.1718147)
(-0.4522189994 0.213302547 11.9002708)
(-0.4543011108 0.2088312734 11.62283331)
(-0.454564113 0.2082581743 11.34763693)
(-0.4554686576 0.2062723975 11.07538856)
(-0.4560433007 0.2049987998 10.80064397)
(-0.4558998218 0.2053176866 10.52372559)
(-0.455559384 0.2060719479 10.2445719)
(-0.4541770615 0.2091009249 9.968530073)
(-0.4539665286 0.2095576077 9.693232976)
(-0.4531197795 0.2113822732 9.415214059)
(-0.4539033489 0.2096944201 9.140434831)
(-0.4537076192 0.2101175773 8.863697484)
(-0.4523045392 0.2131211014 8.58713414)
(-0.4533289439 0.2109333275 8.313786801)
(-0.4535341505 0.2104917441 8.037855931)
(-0.4537498533 0.210026357 7.758284728)
(-0.4530672501 0.2114948389 7.486607168)
(-0.4549715629 0.207366528 7.20881685)
(-0.4539525002 0.2095879947 6.93202433)
(-0.4561898873 0.2046723887 6.656441837)
(-0.4561510385 0.2047589561 6.382335104)
(-0.4557282421 0.2056982482 6.111321663)
(-0.4546203103 0.208135469 5.838553279)
(-0.4550810392 0.2071261638 5.568507737)
(-0.454855563 0.2076208487 5.298910662)
(-0.4545303779 0.208331792 5.026956839)
(-0.4552448478 0.2067658786 4.751083032)
(-0.4551398939 0.2069968042 4.473973974)
(-0.4551197967 0.2070409879 4.19934084)
(-0.4552072461 0.2068486479 3.926877319)
(-0.456244729 0.2045501094 3.65661761)
(-0.4566051348 0.2037443271 3.381814228)
(-0.4560192051 0.2050523948 3.107103903)
(-0.4560069376 0.2050796744 2.828563068)
(-0.4548720143 0.2075848035 2.556668528)
(-0.4557657609 0.2056151044 2.281022324)
(-0.4555514429 0.206089502 2.002285626)
(-0.4547104006 0.2079385765 1.723129711)
(-0.4562196021 0.2046061453 1.449697213)
(-0.4590774563 0.1981108002 1.180605084)
(-0.4672708949 0.1779267006 0.9256319285)
(-0.468012066 0.1759679121 0.6596546856)
(-0.452992919 0.2116539991 0.3841304883)
(-0.4383418513 -0.240533618 38.75384519)
(-0.4336261987 -0.2489343685 39.29811158)
(-0.4416145763 -0.2344708212 38.2137812)
(-0.4386539728 -0.2399639392 37.67131707)
(-0.4399788049 -0.2375261065 37.14114753)
(-0.4382602092 -0.2406823405 36.59373282)
(-0.437727086 -0.2416505704 36.05243475)
(-0.4374660632 -0.2421227862 35.50135912)
(-0.4380328911 -0.2410958031 34.95180579)
(-0.4389731189 -0.2393796167 34.39533499)
(-0.4390832094 -0.2391776227 33.84559232)
(-0.442349167 -0.2330819909 33.29315391)
(-0.443616557 -0.2306606823 32.74396131)
(-0.4410545517 -0.2355225731 32.1944722)
(-0.4390641251 -0.2392126545 31.65100708)
(-0.4376575742 -0.2417764417 31.08960635)
(-0.4395562632 -0.2383071368 30.54447742)
(-0.4415076979 -0.2346720109 30.00188408)
(-0.4420274934 -0.2336914527 29.4714117)
(-0.4433959489 -0.2310844705 28.92940923)
(-0.4455728454 -0.2268586333 28.3819315)
(-0.4416952431 -0.234318826 27.83379643)
(-0.4397545799 -0.237940979 27.28544601)
(-0.4413968354 -0.2348804669 26.73480577)
(-0.4427760387 -0.2322700574 26.19325298)
(-0.4451110819 -0.2277633087 25.64256161)
(-0.439572904 -0.2382764405 25.08664831)
(-0.4400268874 -0.2374370198 24.53715313)
(-0.4407887426 -0.2360196696 23.98238896)
(-0.4380517058 -0.2410616167 23.4327809)
(-0.4391970812 -0.2389684579 22.88019904)
(-0.4386429269 -0.2399841301 22.32489251)
(-0.4376090497 -0.2418642587 21.77693725)
(-0.4378380442 -0.241449471 21.22462339)
(-0.4372225756 -0.242562197 20.68014581)
(-0.4383394189 -0.2405380507 20.13639319)
(-0.4392070404 -0.238950153 19.59483394)
(-0.4391735639 -0.239011675 19.0620855)
(-0.4448987717 -0.2281777442 18.52226928)
(-0.4465736951 -0.2248820465 17.9879673)
(-0.446281207 -0.2254619354 17.44624408)
(-0.447884895 -0.2222591298 16.90750396)
(-0.444333891 -0.2292758018 16.36071559)
(-0.4397992926 -0.2378583239 15.81312358)
(-0.4389904537 -0.2393478255 15.26135483)
(-0.4396264712 -0.2381775931 14.71367051)
(-0.4391815658 -0.2389969713 14.16580049)
(-0.4389030671 -0.2395080327 13.61895609)
(-0.4373865463 -0.2422664011 13.05868155)
(-0.4379938224 -0.2411667712 12.50958774)
(-0.4392204835 -0.2389254421 11.95950898)
(-0.4415911205 -0.2345149938 11.4063781)
(-0.4417441099 -0.2342266879 10.85847025)
(-0.4408254658 -0.2359510726 10.30362715)
(-0.4404164721 -0.2367136056 9.749915277)
(-0.4375698219 -0.2419352205 9.204164757)
(-0.433896661 -0.2484626483 8.645214313)
(-0.4376555323 -0.2417801379 8.091478876)
(-0.4366785003 -0.2435403198 7.53590716)
(-0.4399244863 -0.2376266955 6.98931612)
(-0.444331821 -0.2292798134 6.431537596)
(-0.4407336081 -0.2361226094 5.896157241)
(-0.4439696374 -0.2299803493 5.355444589)
(-0.4444983768 -0.2289567492 4.812377824)
(-0.4449195248 -0.2281372755 4.260311243)
(-0.4477567369 -0.2225172007 3.718106043)
(-0.4472681076 -0.2234977403 3.170075102)
(-0.4444088966 -0.2291303835 2.617218169)
(-0.4427005187 -0.2324139641 2.071760129)
(-0.4408214933 -0.2359584943 1.516471945)
(-0.4443882299 -0.2291704631 0.9703001159)
(-0.4517844835 -0.2142213352 0.4482903358)
(-0.1544360352 -0.4755517964 0.2492569639)
(0.3406822096 -0.3659721739 0.2475045686)
(0.4876637905 0.1103812822 0.2429931535)
(0.1625942135 0.4728246205 0.2440231489)
(-0.3052260321 0.3960266018 0.2808687098)
(0.2658987987 0.4234357435 39.55847494)
(0.03385037706 0.498852836 39.56698781)
(-0.195094823 0.4603672556 39.57298939)
(-0.3646868838 0.3420577097 39.59490126)
(-0.2763003741 -0.4167230535 38.60220022)
(-0.2915414289 -0.4062063457 0.5178803455)
(-0.004260199429 -0.4999818504 39.55295217)
(0.2371029192 -0.4402070033 39.51950433)
(0.4313035759 -0.2529371965 39.52422099)
(0.4999797002 -0.00450548779 39.5305168)
(-0.2570917603 -0.4288400947 39.47446065)
(-0.2696161651 -0.4210785242 37.2686483)
(-0.2731061855 -0.4188233655 38.06783391)
(-0.2706364453 -0.4204234942 36.72941193)
(-0.2720411096 -0.4195159528 37.5363172)
(-0.2749683786 -0.4176031499 36.18617726)
(-0.2696666193 -0.4210462141 36.99989694)
(-0.2683825656 -0.4218658537 35.63783549)
(-0.2705777652 -0.4204612622 34.80297244)
(-0.2686119547 -0.4217198333 35.0839627)
(-0.2719519795 -0.4195737371 34.52952686)
(-0.2819668353 -0.4129100432 33.97488096)
(-0.283804393 -0.4116492032 33.42692733)
(-0.2879397366 -0.4087673031 33.15171344)
(-0.2850826869 -0.4107649713 32.60252769)
(-0.2817688089 -0.4130452013 32.05631405)
(-0.2773046411 -0.4160554482 31.7812096)
(-0.2687210817 -0.4216503056 31.22657026)
(-0.2711631001 -0.4200840073 30.95010213)
(-0.2729086606 -0.4189521011 30.40164439)
(-0.2775494739 -0.4158921609 29.8651138)
(-0.2882939932 -0.4085175315 29.33313118)
(-0.2929550881 -0.4051880013 29.06407799)
(-0.2947956933 -0.4038508378 28.79160365)
(-0.2943223868 -0.4041959087 28.51864514)
(-0.2833806271 -0.4119410397 27.97144273)
(-0.2722716231 -0.4193663831 27.42177089)
(-0.2787135898 -0.4151129182 26.87159227)
(-0.2820170377 -0.4128757567 26.59908989)
(-0.2911320629 -0.4064998425 26.05352688)
(-0.2882126621 -0.4085749153 25.77847699)
(-0.2836684555 -0.4117428899 25.22513299)
(-0.2775367045 -0.4159006824 24.67669258)
(-0.2767205658 -0.416444148 24.12057843)
(-0.2808787985 -0.4136509405 23.56271827)
(-0.2763693005 -0.4166773449 23.2920989)
(-0.2692098055 -0.4213384395 22.73667902)
(-0.2705931657 -0.4204513511 22.18216705)
(-0.2689210696 -0.4215227851 21.63507896)
(-0.2696934341 -0.4210290389 21.08233614)
(-0.2728785011 -0.4189717456 20.81443928)
(-0.2681989944 -0.4219825819 20.26629202)
(-0.2705357848 -0.4204882747 19.72469633)
(-0.2800093314 -0.414239996 19.18807055)
(-0.2814047925 -0.413293289 18.65323021)
(-0.2931629499 -0.4050376338 18.11840359)
(-0.2968105314 -0.4023723505 17.58545752)
(-0.3009720641 -0.399269103 17.31426178)
(-0.2940656698 -0.4043827171 16.76985546)
(-0.2841621758 -0.4114023066 16.22336328)
(-0.2753351364 -0.4173614293 15.94855066)
(-0.2727589723 -0.4190495711 15.39851246)
(-0.2729306234 -0.4189377935 14.84842764)
(-0.2708946189 -0.4202571896 14.30095439)
(-0.2758788431 -0.4170022349 13.75245167)
(-0.2709481126 -0.4202227032 13.20329265)
(-0.2674958401 -0.4224286633 12.64863539)
(-0.2771234145 -0.4161761804 12.09608065)
(-0.281592968 -0.4131651006 11.82180226)
(-0.2828614516 -0.412297707 11.54722696)
(-0.2841032672 -0.4114429895 10.99727862)
(-0.2791643623 -0.4148099068 10.44051633)
(-0.2725865397 -0.4191617568 9.88008214)
(-0.3045944813 -0.3965125496 9.351544262)
(-0.2498405307 -0.4331047324 8.781055524)
(-0.2672787417 -0.422566059 8.222461887)
(-0.2727559962 -0.4190515082 7.66903666)
(-0.2778745163 -0.4156750572 7.119744452)
(-0.2837973952 -0.4116540277 6.569481141)
(-0.2832351914 -0.4120410493 6.023790203)
(-0.2809999192 -0.4135686707 5.487278107)
(-0.2924164153 -0.4055769225 4.94400807)
(-0.2974034652 -0.4019342968 4.399767915)
(-0.2992588187 -0.4005548145 4.125606068)
(-0.2958421159 -0.4030849073 3.582249812)
(-0.2951539739 -0.4035890629 3.310020939)
(-0.2937746694 -0.4045941715 2.762857347)
(-0.2926917172 -0.4053782908 2.215042201)
(-0.2895199369 -0.407649612 1.939356496)
(-0.2856217916 -0.4103902925 1.661589179)
(-0.2822532418 -0.412714317 1.382671943)
(-0.3024635081 -0.3981404605 0.8290392673)
(0.2350645296 -0.4412988408 0.4939088814)
(-0.0163755543 -0.4997317693 0.4873685269)
(-0.2781220621 -0.4155094687 38.33297104)
(-0.3527521287 0.3543528407 0.5476900957)
(-0.264366254 -0.4243942551 38.87916151)
(0.4994712055 -0.02298945207 0.4808483354)
(0.2908942242 0.4066700755 0.4771283956)
(-0.1643617352 0.4722131087 0.5057620184)
(-0.2747826389 -0.4177253899 36.4580421)
(-0.2726227147 -0.4191382295 35.91219117)
(-0.2706092351 -0.4204410088 35.36252636)
(-0.3162448068 0.3872844203 39.34065045)
(-0.3319089468 0.3739471233 39.05201347)
(-0.3254986557 0.3795400178 38.77828278)
(-0.3225233474 0.3820715775 38.50983167)
(-0.3193967745 0.3846890958 38.23933981)
(-0.3200040026 0.3841841203 37.97502096)
(-0.3216531097 0.3828044893 37.70191169)
(-0.3213400354 0.383067333 37.43095444)
(-0.3214337193 0.3829887258 37.1596721)
(-0.319435588 0.3846568667 36.88810018)
(-0.3212367438 0.3831539566 36.61755923)
(-0.3218077403 0.3826745069 36.34431802)
(-0.3218641217 0.3826270863 36.07701852)
(-0.320636109 0.3836567288 35.8012894)
(-0.3203314494 0.3839111389 35.52485041)
(-0.3211883262 0.3831945447 35.24663168)
(-0.3202657577 0.3839659418 34.973799)
(-0.321701997 0.3827634062 34.70118883)
(-0.3188015485 0.3851825187 34.42015123)
(-0.323785306 0.3810027239 34.14342811)
(-0.3258898958 0.3792041348 33.86541082)
(-0.3235920947 0.3811668352 33.59344339)
(-0.3283823302 0.3770478023 33.31474115)
(-0.330705777 0.3750115852 33.04229618)
(-0.3283758115 0.3770534795 32.76722532)
(-0.3217865847 0.3826922966 32.48758451)
(-0.3225184809 0.3820756855 32.21272304)
(-0.324147233 0.3806948533 31.94245573)
(-0.3260908049 0.3790313799 31.66882184)
(-0.3237208133 0.3810575219 31.39457624)
(-0.323377463 0.3813489432 31.11644532)
(-0.3215516681 0.3828897031 30.84039996)
(-0.3220885132 0.3824382168 30.56640922)
(-0.3193244127 0.3847491643 30.30078437)
(-0.3174590628 0.3862897144 30.02920899)
(-0.3190755533 0.3849555706 29.75992335)
(-0.3194497912 0.3846450714 29.48808119)
(-0.3249360526 0.3800217911 29.22372366)
(-0.3274988527 0.3778154331 28.94980991)
(-0.3306105413 0.3750955478 28.67408167)
(-0.3344457071 0.3716800627 28.40243786)
(-0.3302810688 0.3753856891 28.12644596)
(-0.328420039 0.3770149572 27.85286317)
(-0.3287727688 0.3767074017 27.57818961)
(-0.3276418144 0.3776914633 27.31014749)
(-0.3280905001 0.3773017675 27.03553514)
(-0.3260824783 0.3790385433 26.759859)
(-0.3265583622 0.3786286255 26.48615813)
(-0.3298617647 0.3757541965 26.2144276)
(-0.3298158757 0.375794476 25.93655157)
(-0.3276038386 0.3777244034 25.65838102)
(-0.3288528751 0.3766374737 25.38647178)
(-0.3312868489 0.3744983628 25.10939328)
(-0.3292777208 0.376266106 24.83649726)
(-0.3275150599 0.3778013837 24.56208122)
(-0.3243246525 0.380543716 24.28619761)
(-0.3264486818 0.3787231946 24.00972915)
(-0.3246971078 0.3802259699 23.73225893)
(-0.32645048 0.3787216446 23.45248516)
(-0.3274333463 0.3778722055 23.17896435)
(-0.3267791405 0.3784380971 22.90393377)
(-0.3234902449 0.3812532773 22.62861115)
(-0.3264237463 0.3787446869 22.35624987)
(-0.3239016824 0.3809037938 22.07346425)
(-0.323068574 0.3816106609 21.80083898)
(-0.3180722028 0.3857850099 21.52803229)
(-0.3173943123 0.3863429183 21.2544292)
(-0.319287925 0.3847794446 20.98173383)
(-0.3213115688 0.3830912108 20.70558454)
(-0.3221540765 0.38238299 20.43663228)
(-0.3223804504 0.3821921574 20.16189108)
(-0.3208456204 0.3834815352 19.89569998)
(-0.3201059222 0.3840992041 19.62578582)
(-0.31742623 0.3863166946 19.35479441)
(-0.3207220869 0.3835848576 19.08368626)
(-0.3212639357 0.3831311572 18.81831437)
(-0.3192810149 0.3847851784 18.5455528)
(-0.3237910281 0.3809978611 18.27488275)
(-0.3261381641 0.3789906304 18.0096574)
(-0.3268451733 0.3783810681 17.73503629)
(-0.3300761981 0.3755658444 17.4687408)
(-0.3325619602 0.373366499 17.20195281)
(-0.3300527765 0.3755864277 16.92704785)
(-0.3310551455 0.3747032034 16.65504294)
(-0.3294310873 0.3761318369 16.38129464)
(-0.3285456964 0.3769054594 16.1055309)
(-0.3268165016 0.3784058328 15.83648026)
(-0.3262906365 0.3788593677 15.55967835)
(-0.3262882606 0.378861414 15.28991435)
(-0.3237515064 0.3810314451 15.00880341)
(-0.3239262153 0.3808829308 14.73548733)
(-0.3197110824 0.3844279176 14.46010184)
(-0.3207605315 0.3835527101 14.18266805)
(-0.3199623312 0.3842188265 13.91123354)
(-0.3202461445 0.3839823003 13.63205407)
(-0.3198020635 0.3843522345 13.35789819)
(-0.3235354516 0.3812149152 13.08439347)
(-0.326662285 0.3785389697 12.80714574)
(-0.3224030399 0.3821731019 12.5285587)
(-0.3235978443 0.381161954 12.25832875)
(-0.3257710575 0.3793062326 11.97873607)
(-0.3253844664 0.3796379183 11.70663404)
(-0.3250275717 0.379943519 11.42798481)
(-0.3299547368 0.3756725591 11.15275222)
(-0.3315025612 0.3743074297 10.88135215)
(-0.3313581172 0.3744353057 10.60407513)
(-0.3313928674 0.3744045505 10.32755952)
(-0.3253955962 0.3796283788 10.05085063)
(-0.3249644076 0.3799975445 9.774257469)
(-0.3249530123 0.3800072892 9.495464295)
(-0.325492376 0.3795454033 9.222984659)
(-0.3232176899 0.3814843705 8.948430638)
(-0.3224948654 0.3820956187 8.66889097)
(-0.323932321 0.3808777382 8.398872891)
(-0.3214114356 0.3830074269 8.118883206)
(-0.3247074047 0.3802171765 7.841973056)
(-0.3290169871 0.3764941197 7.564539491)
(-0.3281343672 0.3772636175 7.293410861)
(-0.3274379617 0.3778682061 7.013961798)
(-0.3314625933 0.3743428232 6.744287125)
(-0.3332200449 0.3727792935 6.464550193)
(-0.3323419604 0.3735623393 6.194108396)
(-0.3314315774 0.3743702839 5.918198615)
(-0.3295824548 0.3759992094 5.650837811)
(-0.3273282265 0.3779632682 5.377104944)
(-0.3307796729 0.3749464068 5.103591249)
(-0.3334212215 0.372599368 4.833128286)
(-0.3331508923 0.3728410961 4.55833607)
(-0.3342265996 0.3718771035 4.283432423)
(-0.334556915 0.3715799653 4.008544876)
(-0.3340341317 0.3720499951 3.7359327)
(-0.3329752652 0.3729979528 3.463208285)
(-0.3326724819 0.3732680267 3.187008618)
(-0.3322923943 0.3736064302 2.913404821)
(-0.3368803223 0.3694748279 2.63515523)
(-0.3332329959 0.3727677165 2.361599633)
(-0.3305012946 0.37519181 2.079771385)
(-0.3271004229 0.3781604334 1.803591474)
(-0.3334281353 0.3725931811 1.526797473)
(-0.3410484922 0.3656308603 1.253733055)
(-0.3545841054 0.3525196622 0.9939175819)
(-0.3886413984 0.314575688 0.7746195134)
(-0.2489511609 -0.4336165581 39.16576196)
(0.4364381062 0.2439708579 39.54295633)
(-0.2698261101 -0.4209440228 37.80199912)
(-0.2746414192 -0.417818251 34.24759965)
(-0.2820985278 -0.4128200826 33.70355571)
(-0.2863273095 -0.4098983677 32.87678794)
(-0.2824390967 -0.4125871504 32.32966579)
(-0.2702113862 -0.420696811 31.50443155)
(-0.2705410406 -0.4204848931 30.67506119)
(-0.2745831208 -0.4178565661 30.13137601)
(-0.281235719 -0.4134083579 29.59982226)
(-0.2887945219 -0.4081638447 28.24611669)
(-0.2765912604 -0.4165300405 27.69720554)
(-0.2723303381 -0.4193282568 27.14629383)
(-0.289544137 -0.4076324235 26.32714555)
(-0.28585398 -0.4102285974 25.5027529)
(-0.2831742934 -0.4120829037 24.955143)
(-0.2788412052 -0.4150272067 24.39860977)
(-0.2770437768 -0.4162291986 23.84219522)
(-0.2716898684 -0.4197435114 23.01403591)
(-0.2686035941 -0.4217251584 22.46003822)
(-0.2734289281 -0.4186127342 21.91262531)
(-0.2682039772 -0.4219794149 21.35881757)
(-0.2718755274 -0.4196232806 20.53958203)
(-0.2688584043 -0.4215627574 19.99502901)
(-0.273460667 -0.4185920014 19.4558095)
(-0.281263609 -0.4133893833 18.92372802)
(-0.2854368619 -0.4105189373 18.38644316)
(-0.2945670872 -0.4040176124 17.8490066)
(-0.2977801365 -0.4016553128 17.04313393)
(-0.288837111 -0.4081337077 16.49677389)
(-0.2722088935 -0.4194071033 15.67384866)
(-0.2757740043 -0.4170715748 15.12317323)
(-0.2712257804 -0.4200435406 14.5742315)
(-0.2727349276 -0.4190652208 14.02727685)
(-0.2737472119 -0.4184046653 13.47526132)
(-0.2698133436 -0.4209522059 12.92528092)
(-0.2699354092 -0.4208739417 12.37182553)
(-0.2866648341 -0.4096623889 11.27240637)
(-0.2848824333 -0.4109038808 10.72012563)
(-0.2745172217 -0.4178998624 10.15969335)
(-0.2775332373 -0.4159029961 9.603139861)
(-0.2172814139 -0.4503207603 9.093970654)
(-0.2624700321 -0.4255695974 8.494645056)
(-0.2695284662 -0.4211346648 7.942359515)
(-0.2766545481 -0.4164880082 7.396940286)
(-0.2789205788 -0.4149738675 6.844236437)
(-0.2871590786 -0.4093160925 6.29637424)
(-0.2810780448 -0.4135155774 5.759089925)
(-0.2844847713 -0.4111792978 5.21673099)
(-0.2934953206 -0.4047968586 4.668313389)
(-0.2968333766 -0.4023554977 3.853900998)
(-0.2947386615 -0.4038924627 3.036319241)
(-0.2946645777 -0.4039465146 2.489057858)
(-0.2878645247 -0.4088202728 1.10495478)
(0.4225918554 -0.2672379535 0.4928366312)
(0.448579066 0.2208547522 0.474277895)
(0.0663430253 0.4955790583 0.4889079545)
(-0.09008024438 0.4918186145 39.3510577)
(-0.04446267223 -0.498019147 38.71403255)
(-0.03089500455 -0.4990445859 37.12886332)
(0.3475218856 -0.3594837118 39.28825372)
(0.4848153892 -0.1222867058 39.29714092)
(-0.03999869331 -0.4983975366 7.248193608)
(0.4796871003 0.141068373 39.30125931)
(-0.06539212017 -0.4957054273 5.077022434)
(-0.04162004234 -0.498264761 13.88895936)
(-0.04218331955 -0.4982173899 34.10267685)
(-0.05495475315 -0.496970799 32.1910191)
(-0.06130257122 -0.496227765 33.28148773)
(-0.0633024782 -0.4959766086 32.73342203)
(-0.02898499608 -0.499159163 31.36221517)
(-0.08497538038 -0.4927262777 17.71626176)
(-0.03158311371 -0.4990015099 31.08332287)
(-0.0373235291 -0.4986050082 30.52947994)
(-0.03498060409 -0.4987748564 31.64022352)
(-0.04021803276 -0.4983798851 29.9908017)
(-0.03107106896 -0.4990336549 30.80480029)
(-0.05424198585 -0.4970490992 29.46087805)
(-0.03955767651 -0.4984327339 30.25872406)
(-0.03990378829 -0.4984051441 27.55949753)
(-0.03841944006 -0.4985217614 27.00637566)
(-0.04757868546 -0.4977311209 27.83626007)
(-0.0680107883 -0.4953529375 28.38696001)
(-0.04958849759 -0.4975349042 24.81513769)
(-0.06876997041 -0.4952481107 26.18828363)
(-0.0324467091 -0.4989461004 27.28259769)
(-0.0583644778 -0.4965819044 25.36606022)
(-0.06023007382 -0.4963590819 26.46074187)
(-0.03239990147 -0.4989491421 21.21678485)
(-0.04907665247 -0.4975856531 23.70192438)
(-0.05427155955 -0.4970458709 25.09215006)
(-0.03421474339 -0.4988279777 22.87057432)
(-0.04560732735 -0.4979156271 23.98245316)
(-0.03166736766 -0.4989961702 22.31901738)
(-0.03942446607 -0.4984432881 23.14917101)
(-0.04652052194 -0.4978311371 18.78098981)
(-0.03262790122 -0.4989342843 22.04415158)
(-0.02785016018 -0.499223766 20.12321089)
(-0.02932393506 -0.4991393661 21.49242104)
(-0.08065750274 -0.4934514842 16.90772258)
(-0.03424317838 -0.4988260265 19.5840013)
(-0.04466985954 -0.4980006061 19.04767899)
(-0.06296022367 -0.4960201712 28.11139707)
(-0.06173784186 -0.4961737991 18.24955108)
(-0.08575533306 -0.4925911315 17.44857612)
(-0.04161652929 -0.4982650545 14.98074179)
(-0.08494677476 -0.4927312102 17.18221484)
(-0.02761788471 -0.4992366698 12.78789425)
(-0.04660131441 -0.4978235807 16.08387955)
(-0.0382116844 -0.4985377289 15.53305468)
(-0.03244491547 -0.498946217 7.798332229)
(-0.04103055332 -0.4983136499 15.25665381)
(-0.05804790802 -0.4966190093 16.3612362)
(-0.03731364886 -0.4986057477 12.2321205)
(-0.03795107587 -0.4985576354 14.16232346)
(-0.0330325566 -0.498907657 14.4351164)
(-0.05421673938 -0.4970518536 33.55644744)
(-0.02792657496 -0.4992194972 13.06446038)
(-0.03776501579 -0.4985717637 13.3403855)
(-0.06241608358 -0.4960889361 11.13623291)
(-0.02993257417 -0.4991032368 12.50977737)
(-0.03664757533 -0.4986551466 10.01419971)
(-0.04841123874 -0.4976508334 9.407520707)
(-0.06230294261 -0.496103158 11.40979338)
(-0.04752882262 -0.4977358848 10.2969748)
(0.004321522639 -0.4999813241 8.88742237)
(-0.03938851642 -0.4984461303 9.725665562)
(-0.0480554812 -0.497685313 5.617629687)
(-0.01573763342 -0.4997522655 8.615370434)
(-0.06253558183 -0.4960738866 6.429212117)
(-0.02682886133 -0.4992796934 8.072751935)
(-0.05315494867 -0.4971665228 6.702403167)
(-0.03556182951 -0.4987337529 7.522914836)
(-0.04343360023 -0.4981099501 6.975002321)
(-0.0852182874 -0.4926843244 4.533542636)
(-0.04988314591 -0.497505449 5.347956148)
(-0.04773445816 -0.4977162058 5.888441759)
(-0.07897679223 -0.4937232689 3.718363174)
(-0.07584320979 -0.4942143336 2.361334614)
(-0.07820800526 -0.4938456317 3.45211282)
(-0.07788316547 -0.4938969655 2.905295445)
(-0.08224795083 -0.4931888833 3.990615687)
(-0.03018332332 0.4990881355 0.7434857348)
(-0.07130086565 -0.4948900752 0.9575447518)
(-0.07716833285 -0.4940091582 2.633719051)
(-0.04793326674 -0.4976970986 1.240792972)
(-0.03402595371 -0.4988408909 34.65788887)
(0.05382003798 -0.4970949643 39.28361392)
(0.4761032219 -0.1527276074 0.7348372883)
(0.1900186801 0.4624855686 0.7218786219)
(0.3839987693 0.3202263967 0.7123804416)
(0.3540762477 0.3530297591 39.32099981)
(-0.1436464037 0.4789214035 38.85463362)
(-0.1302769211 0.4827296591 38.59998925)
(-0.1251973716 0.4840719142 38.33347125)
(-0.128265387 0.4832680317 38.06558602)
(-0.1281118545 0.4833087551 37.7977885)
(-0.126760615 0.4836649114 37.52408126)
(-0.1267501614 0.483667651 37.25182661)
(-0.1276986712 0.4834180896 36.9787167)
(-0.1275885394 0.4834471684 36.7125521)
(-0.1254342029 0.4840105998 36.43921461)
(-0.1247740911 0.4841811915 36.16728871)
(-0.1246216525 0.4842204495 35.89586712)
(-0.123785645 0.4844348399 35.61981154)
(-0.1240249577 0.4843736263 35.34277474)
(-0.1256714842 0.4839490449 35.06473026)
(-0.1259164975 0.4838853538 34.79377298)
(-0.1260018218 0.4838631427 34.51221713)
(-0.126819088 0.4836495828 34.23838709)
(-0.1277209225 0.4834122112 33.95806859)
(-0.1326119735 0.4820934188 33.68013116)
(-0.1386681967 0.4803864395 33.41058888)
(-0.1428522229 0.4791588906 33.1322689)
(-0.1409477691 0.4797225515 32.85412837)
(-0.1347437713 0.4815019378 32.57483446)
(-0.127191822 0.4835516936 32.30536913)
(-0.1272276231 0.4835422752 32.03235712)
(-0.1310357244 0.4825242366 31.75666119)
(-0.1346578792 0.4815259656 31.48040242)
(-0.1327786948 0.4820475269 31.20968955)
(-0.1272936498 0.4835248977 30.93266933)
(-0.1274545793 0.4834825025 30.65737496)
(-0.1273243761 0.4835168076 30.39051369)
(-0.1258692248 0.4838976527 30.12172575)
(-0.1235174035 0.4845033034 29.85318537)
(-0.1245009452 0.4842514994 29.5774516)
(-0.1287281984 0.4831449585 29.30973704)
(-0.1341108819 0.4816785976 29.03937257)
(-0.1417129099 0.4794970815 28.76874575)
(-0.1488087156 0.4773426088 28.4918577)
(-0.1515565621 0.4764772906 28.21647595)
(-0.1498299867 0.4770230341 27.9479119)
(-0.1432562817 0.4790382425 27.67583298)
(-0.1384062507 0.4804619754 27.39861317)
(-0.1350234951 0.4814235721 27.13092355)
(-0.1336658577 0.4818022815 26.85312264)
(-0.1359949402 0.4811500559 26.57797998)
(-0.1403883572 0.4798865586 26.30349812)
(-0.1432517172 0.4790396075 26.02842513)
(-0.1445165769 0.4786595439 25.75003859)
(-0.142434644 0.4792831858 25.47859215)
(-0.1411061633 0.4796759851 25.2040939)
(-0.1401962953 0.4799427036 24.92972251)
(-0.1375422614 0.4807100231 24.65270986)
(-0.1322747868 0.4821860438 24.37582621)
(-0.1298532243 0.4828438051 24.10365103)
(-0.131687505 0.4823467643 23.82994354)
(-0.1353220508 0.4813397372 23.55002632)
(-0.1360736158 0.4811278116 23.27156147)
(-0.1338871819 0.4817408251 22.99569758)
(-0.1321437885 0.4822219605 22.72065876)
(-0.1308596475 0.4825720181 22.45019314)
(-0.1292343656 0.4830098123 22.17069051)
(-0.1273202382 0.4835178972 21.89192329)
(-0.1259257323 0.4838829507 21.61830059)
(-0.1258557637 0.4839011539 21.34951736)
(-0.1234666491 0.4845162397 21.08187133)
(-0.1233574316 0.4845440579 20.80349414)
(-0.1245465001 0.4842397849 20.52822241)
(-0.1265846692 0.4837109897 20.25284538)
(-0.1248958141 0.484149807 19.98613815)
(-0.1241017673 0.4843539525 19.71857581)
(-0.123669747 0.4844644401 19.44911937)
(-0.124077562 0.4843601538 19.18194513)
(-0.1232971758 0.4845593941 18.90887145)
(-0.1257732647 0.4839226032 18.63653888)
(-0.128403788 0.4832312772 18.37129834)
(-0.1315538236 0.4823832413 18.09955777)
(-0.1392165905 0.4802278011 17.82650323)
(-0.145793236 0.4782722366 17.55942888)
(-0.1485692417 0.4774171975 17.29206429)
(-0.1502073188 0.4769043524 17.01620274)
(-0.1492290693 0.4772113629 16.7481622)
(-0.1444469968 0.478680546 16.47266776)
(-0.1398106556 0.4800551849 16.1989127)
(-0.1346376244 0.4815316294 15.92636776)
(-0.1354255542 0.4813106266 15.65172584)
(-0.1351075213 0.4813999976 15.38370662)
(-0.1356874106 0.4812368716 15.10351481)
(-0.1352764216 0.4813525628 14.83050311)
(-0.1315942475 0.4823722152 14.55566286)
(-0.1261605472 0.4838217816 14.28112974)
(-0.1213977249 0.4850387535 14.00112477)
(-0.1227138749 0.4847074426 13.72110854)
(-0.1258229687 0.4839096822 13.44853228)
(-0.1312211089 0.4824738548 13.17670715)
(-0.1339556571 0.4817217889 12.8993615)
(-0.1334382887 0.4818653579 12.62413063)
(-0.1298731984 0.4828384329 12.35221214)
(-0.1276596737 0.4834283894 12.07257173)
(-0.1290329347 0.4830636622 11.79519322)
(-0.1359940456 0.4811503087 11.5172957)
(-0.1433808904 0.4790009606 11.24577441)
(-0.1468862116 0.4779376956 10.9704893)
(-0.1488886188 0.4773176921 10.69634325)
(-0.146356617 0.4781001367 10.4184416)
(-0.1418389985 0.4794597986 10.13833356)
(-0.1355762744 0.4812681932 9.869328628)
(-0.1305883534 0.4826455034 9.592773188)
(-0.1325281221 0.4821164765 9.311650188)
(-0.1291020039 0.4830452076 9.041720373)
(-0.1321775522 0.4822127069 8.762581631)
(-0.130659154 0.4826263415 8.494266934)
(-0.1309356457 0.4825514031 8.21259407)
(-0.1324410015 0.4821404164 7.93866126)
(-0.1342122617 0.4816503595 7.656941543)
(-0.1347762547 0.4814928464 7.384295842)
(-0.1389110012 0.4803162851 7.107881296)
(-0.1425671216 0.4792437958 6.840366435)
(-0.1477630846 0.4776673223 6.561654688)
(-0.1525893318 0.4761475568 6.282755878)
(-0.1536184122 0.4758165439 6.014312224)
(-0.1490469228 0.4772682839 5.741035699)
(-0.1447083003 0.478601617 5.469668499)
(-0.1431547049 0.4790686073 5.198331503)
(-0.1447687299 0.4785833416 4.925333939)
(-0.1501581288 0.4769198427 4.650720879)
(-0.1555392019 0.4751921261 4.377480543)
(-0.1569983406 0.4747120401 4.100614947)
(-0.1574591539 0.4745593902 3.82428431)
(-0.1568089712 0.4747746271 3.552817609)
(-0.1561846582 0.4749803707 3.279793015)
(-0.155234304 0.4752918165 3.007782313)
(-0.1563704753 0.4749192294 2.729142459)
(-0.1514216278 0.4765201891 2.450395733)
(-0.146219575 0.4781420666 2.168952572)
(-0.1400781697 0.4799771936 1.886027412)
(-0.14622699 0.478139799 1.612179797)
(-0.1666637647 0.4714055468 1.34480737)
(-0.1597546661 0.4737915646 1.025801484)
(0.4901222913 0.09889458842 0.7156494767)
(-0.2362025835 0.4406907527 0.7642761645)
(0.1136081124 -0.4869221671 0.7482546535)
(0.3377564239 -0.3686741082 0.7587252546)
(-0.05178176596 -0.4973114203 1.532025375)
(-0.0642492604 -0.4958548503 1.807968639)
(-0.07857917018 -0.493786709 3.177250675)
(-0.07701658002 -0.4940328394 4.805187294)
(-0.05490618926 -0.4969761668 11.68327472)
(-0.03549241812 -0.4987386974 15.80772685)
(-0.07372114632 -0.49453533 17.98187581)
(-0.03383007115 -0.4988542135 19.85277866)
(-0.02835106034 -0.4991955703 22.59411939)
(-0.06350595772 -0.4959505957 25.64014888)
(-0.06890472151 -0.4952293805 25.91442143)
(-0.04832662876 -0.4976590569 29.72549102)
(-0.07524561219 -0.4943056725 28.65387641)
(-0.07483150052 -0.4943685331 28.92761712)
(-0.06716313989 -0.4954685789 29.19610027)
(-0.05610520429 -0.4968422346 32.46252396)
(-0.06470639744 -0.4957954035 33.00690148)
(-0.03242497083 -0.4989475135 34.93722295)
(-0.03449355918 -0.4988087754 34.37965991)
(-0.03060299193 -0.4990625781 36.86009502)
(-0.03051075151 -0.4990682258 37.39769738)
(-0.03167661898 -0.498995583 37.92688975)
(-0.03036222703 -0.4990772838 35.77073456)
(-0.03609638568 -0.4986953488 36.04553152)
(-0.03184425829 -0.4989849128 35.21747172)
(-0.05319565481 -0.497162169 38.44492929)
(-0.04824625544 -0.4976668553 33.82960814)
(-0.02999515558 -0.4990994797 20.94333086)
(-0.04824319719 -0.4976671517 31.91614089)
(-0.04597766126 -0.4978815669 24.53591987)
(-0.04754068649 -0.4977347518 26.73257599)
(-0.04520625588 -0.4979522009 24.25567858)
(-0.0487469217 -0.497618064 23.42428062)
(-0.04776440883 -0.4977133324 18.51474039)
(-0.03168258085 -0.4989952045 20.3954936)
(-0.03359686617 -0.4988699736 21.76912598)
(-0.04152729914 -0.4982724992 19.31538104)
(-0.06985356521 -0.4950964345 16.63120686)
(-0.03798848417 -0.4985547864 14.70712127)
(-0.03934577965 -0.4984495056 13.61446447)
(-0.0610617473 -0.4962574564 10.85983797)
(-0.04646162472 -0.4978366373 11.95715331)
(-0.05718146501 -0.4967195185 10.5797881)
(-0.02582519022 -0.4993326141 8.344681661)
(-0.05892088361 -0.4965161926 6.154238493)
(-0.08373590517 -0.4929384324 4.261761005)
(-0.06970813421 -0.4951169317 2.087202799)
(-0.03714872056 -0.4986180628 36.59023294)
(-0.03996479099 -0.4984002563 38.18932093)
(-0.01283853589 -0.4998351448 38.99022006)
(0.1524849046 0.4761810096 39.3489573)
(-0.03824876762 -0.4985348852 36.31838557)
(-0.1218581435 -0.4849232855 0.7063458574)
(-0.1516990407 0.476431948 39.11249473)
(-0.02814531672 -0.4992072126 37.66395324)
(-0.03313577369 -0.4989008123 20.66979437)
(-0.0291827874 -0.4991476384 35.49618771)
(0.2036420236 -0.4566507705 33.95282834)
(0.1616876439 -0.473135399 1.966076224)
(0.2139180392 -0.4519281718 36.98526009)
(0.2139913968 -0.4518934411 35.06906162)
(0.2043189134 -0.4563483117 14.02191943)
(0.08234752777 0.4931722667 28.87053369)
(0.178920378 -0.4668913132 11.54224111)
(0.2109463613 -0.453322879 35.89929059)
(0.2122935305 -0.4526935574 21.34719686)
(0.1920652759 -0.4616393937 38.8061691)
(0.1852036861 -0.4644347044 23.56216224)
(0.1762717977 -0.4678976954 32.59146137)
(0.2046181619 -0.4562142127 19.17299477)
(0.4481764806 -0.2216705715 39.06637491)
(0.2101235663 -0.4537048456 23.00360786)
(0.1904380199 -0.4623130547 18.37523739)
(0.09357217277 -0.4911662127 9.139340254)
(0.2118221664 -0.4529143074 1.061089235)
(0.2254549668 -0.4462847274 9.342481827)
(0.2378743152 -0.4397906436 8.959268422)
(0.2085171842 -0.4544453585 14.56687124)
(0.198254487 -0.4590154228 29.85085787)
(0.2154583876 -0.4511958369 31.22195976)
(0.1648999978 -0.4720254132 28.25258142)
(0.1983770118 -0.4589624834 27.7015505)
(0.2135323074 -0.4521105547 21.90131381)
(0.1692688237 -0.4704764238 26.3228455)
(0.206319672 -0.455447245 26.86157946)
(0.1785542402 -0.4670314586 6.015751039)
(0.2118821025 -0.4528862712 31.50069454)
(0.1967436988 -0.4596650052 24.67422845)
(0.2012334349 -0.4577172759 18.63820408)
(0.1808037163 -0.4661652241 25.50316016)
(0.1819476837 -0.4657199162 23.839969)
(0.2164132409 -0.4507386262 22.1792289)
(0.1894835989 -0.4627050526 26.58844747)
(0.1351284178 -0.4813941324 17.58080099)
(0.2151675055 -0.451334626 20.25008719)
(0.1953621094 -0.4602538932 23.281006)
(0.1870985989 -0.463674578 32.05377611)
(0.1701905142 -0.470143796 6.290439577)
(0.2008939788 -0.4578663662 31.77781009)
(0.1698770196 -0.4702571618 16.49844023)
(0.2058667134 -0.4556521659 19.44441425)
(0.1809624102 -0.4661036431 27.97824534)
(0.2101669568 -0.4536847477 19.71068238)
(0.2111589946 -0.4532238729 21.6227325)
(0.1994272305 -0.4585071207 13.47911112)
(0.2035328418 -0.4566994442 15.39099904)
(0.1510056692 -0.4766521665 3.590592475)
(0.192279159 -0.4615503494 16.21999033)
(0.182112891 -0.4656553392 33.40941159)
(0.2212991673 -0.4483599877 12.92835596)
(0.2100047059 -0.4537598743 13.20493418)
(0.2036107105 -0.4566647332 14.8364482)
(0.2156439101 -0.4511071979 7.928555518)
(0.1964535351 -0.4597890914 5.746673883)
(0.2002618953 -0.4581431799 10.15473283)
(0.1918721675 -0.4617196891 11.81593037)
(0.1402562166 -0.4799251959 17.31537251)
(0.2215477877 -0.4482371892 8.464220538)
(0.2186454281 -0.449660068 8.198246467)
(0.197410059 -0.4593792209 13.74835047)
(0.1562973424 -0.4749433027 16.77460962)
(0.4983157015 0.04100562904 39.06739331)
(0.06546104669 0.4956963298 38.95160876)
(0.1473447714 -0.477796524 4.398625177)
(0.1891077087 -0.4628588063 1.400256997)
(0.2397180235 0.4387884105 39.11689815)
(0.3021970081 0.3983427774 0.9574304186)
(0.4122927891 0.2828686198 39.08087387)
(0.06879837254 0.495244166 28.59865422)
(0.1075927574 0.4882865947 38.44389659)
(0.1006075322 0.4897735441 38.17383701)
(0.099061388 0.4900886057 37.9040148)
(0.09840684249 0.4902204538 37.63403779)
(0.09843124152 0.4902155553 37.36174067)
(0.09851474273 0.4901987816 37.09107348)
(0.09942109727 0.4900157604 36.8188599)
(0.1003363205 0.4898291772 36.54908248)
(0.1023090431 0.4894209433 36.27855747)
(0.1030009942 0.4892757864 36.00712307)
(0.1036315106 0.4891426275 35.73223232)
(0.1040601461 0.4890516189 35.45652169)
(0.1035083509 0.4891687043 35.17867727)
(0.1036902713 0.4891301745 34.90230677)
(0.1032440525 0.4892245554 34.62412377)
(0.1034264408 0.4891860294 34.34523528)
(0.102909429 0.4892950535 34.06645836)
(0.1003672033 0.4898228501 33.78749877)
(0.08989994608 0.4918516033 33.51439455)
(0.07634375204 0.4941372598 33.23657983)
(0.07186250945 0.4948088315 32.96167179)
(0.08338922564 0.4929971978 32.67906529)
(0.09990382936 0.4899175695 32.40788496)
(0.1066047374 0.4885032548 32.13179535)
(0.09924364704 0.4900517305 31.85673388)
(0.08836112371 0.4921303809 31.58680593)
(0.0890163538 0.4920122852 31.31163873)
(0.0975664326 0.4903884085 31.04089552)
(0.1015508971 0.4895788142 30.7681836)
(0.1035322128 0.4891636545 30.49846066)
(0.1046522805 0.4889252501 30.22871358)
(0.1064316175 0.4885410022 29.95847232)
(0.1069057427 0.4884374701 29.68630113)
(0.1046000382 0.4889364294 29.41365687)
(0.09565372047 0.4907650821 29.13924639)
(0.06243256957 0.4960868616 28.05012636)
(0.07158929888 0.4948484337 27.78520342)
(0.08283275576 0.4930910003 27.50673052)
(0.09255523331 0.4913588595 27.24109436)
(0.09428679255 0.4910295314 26.9614191)
(0.08984579765 0.4918614974 26.6894343)
(0.08205294549 0.4932213642 26.40877144)
(0.0756679446 0.4942411984 26.13816759)
(0.07203160244 0.4947842441 25.85993843)
(0.09850883892 0.490199968 13.27355073)
(0.076704281 0.4940814237 25.0353674)
(0.07982672027 0.4935865626 24.75756469)
(0.1021803634 0.4894478249 21.73065395)
(0.09429109256 0.4910287057 23.93799918)
(0.08592808969 0.4925610251 23.66224819)
(0.08261680261 0.4931272289 23.38126442)
(0.08812505649 0.4921727079 23.10574452)
(0.09445994998 0.4909962503 22.8329354)
(0.09731995805 0.4904373821 22.55877451)
(0.098831969 0.4901349221 22.28341785)
(0.1005561311 0.4897840999 22.00651953)
(0.1022131972 0.4894409692 20.09259938)
(0.1048016618 0.4888932518 21.18698286)
(0.1050237877 0.488845583 20.91622408)
(0.1037669827 0.4891139063 20.6398344)
(0.102690164 0.4893411185 20.36386666)
(0.104305438 0.4889993616 19.55862006)
(0.1058406639 0.4886693707 19.2909782)
(0.10573079 0.4886931553 19.01859437)
(0.1050921748 0.4888308857 18.74726593)
(0.1029777894 0.4892806709 18.47718092)
(0.09714288695 0.490472486 18.20771269)
(0.08769368357 0.4922497515 17.93615271)
(0.07746316081 0.4939630135 17.66410816)
(0.06969814912 0.4951183374 17.39335536)
(0.06458629198 0.4958110637 17.12160549)
(0.0635026288 0.4959510219 16.85121948)
(0.06687456009 0.4955076117 16.57989482)
(0.07666750289 0.494087132 16.30477824)
(0.08692987811 0.4923852113 16.03769447)
(0.09246926664 0.4913750449 15.76099192)
(0.09180281093 0.4914999938 15.4936058)
(0.08896967499 0.4920207282 15.21773803)
(0.08732540274 0.4923152182 14.94211559)
(0.09293108988 0.4912879121 14.666584)
(0.1002009494 0.489856887 14.39074196)
(0.1061607545 0.4885999327 14.11202013)
(0.1109876543 0.4875261435 13.83065902)
(0.06366324426 0.4959304299 10.79785488)
(0.08754145425 0.4922768467 12.73287365)
(0.09611737882 0.4906744842 12.46025559)
(0.1014456906 0.4896006248 12.18258753)
(0.1021612766 0.4894518092 11.90299764)
(0.09455393723 0.4909781593 11.62327286)
(0.08074746975 0.4934367701 11.34932723)
(0.06503388664 0.4957525528 10.52832379)
(0.09472905996 0.4909444013 9.702480357)
(0.09454496378 0.4909798874 9.422998188)
(0.05545660156 0.4969150484 3.654897912)
(0.09554438165 0.4907863803 8.599082277)
(0.09655144059 0.4905892572 8.326134207)
(0.09467469876 0.4909548874 8.047024542)
(0.09327341171 0.4912230356 7.7681719)
(0.09297089308 0.4912803813 7.494304629)
(0.08944395922 0.4919347296 7.217582684)
(0.08215422296 0.4932045049 6.942038832)
(0.07425933541 0.4944548019 6.66990646)
(0.06368015202 0.4959282592 6.397974543)
(0.05897742313 0.4965094798 6.119374261)
(0.06516035272 0.4957359463 5.848323521)
(0.07692853829 0.4940465565 5.574088964)
(0.08192327742 0.4932429185 5.307076045)
(0.07659299471 0.4940986877 5.030346675)
(0.06946719525 0.495150794 4.757618589)
(0.06204629532 0.4961353215 4.48422205)
(0.05769067956 0.4966606341 4.206237775)
(0.05584935772 0.496871059 3.929317791)
(0.05896904562 0.4965104749 3.110819349)
(0.07806964398 0.4938675234 1.99251027)
(0.05759825821 0.4966713608 2.558233813)
(0.09627666853 0.4906432544 9.150286647)
(0.2049474676 -0.4560663718 12.08983004)
(0.06572709932 0.4956611226 1.429594152)
(0.008166126944 0.4999333099 1.186941184)
(0.2577559441 -0.4284412134 39.04839574)
(0.1707515255 -0.469940333 1.684393391)
(0.08918740076 0.4919813081 1.698255726)
(0.05786370283 0.4966405057 2.8399633)
(0.05688513267 0.4967535422 3.38044147)
(0.09614326582 0.4906694126 8.876534727)
(0.06469827364 0.4957964637 2.276107838)
(0.07364198028 0.4945471249 10.25061756)
(0.06774493725 0.4953893655 11.07477933)
(0.08814962468 0.4921683083 13.00280072)
(0.09083849889 0.4916791302 24.48583758)
(0.103473648 0.4891760462 19.82602551)
(0.1025744555 0.4893653861 21.45709671)
(0.09675986401 0.490548192 24.21278677)
(0.06016117206 0.4963674379 28.32486047)
(0.07713315833 0.4940146515 25.58916376)
(0.09655527351 0.4905885029 38.70332666)
(0.1517937289 -0.4764017883 3.862329645)
(0.1728121265 -0.469186497 6.564973285)
(0.2142600771 -0.4517661114 12.36703474)
(0.2068188483 -0.455220786 14.29695484)
(0.2132730474 -0.4522329126 19.97934013)
(0.1977749606 -0.4592222392 15.10938908)
(0.1548975852 -0.4754016597 28.52012098)
(0.1560027453 -0.4750401493 28.79247658)
(0.1466179582 -0.4780200564 17.04750755)
(0.2228704535 -0.4475810105 12.65040045)
(0.2036987533 -0.4566254679 18.90287513)
(0.2182105982 -0.4498712425 37.25638915)
(0.1556184231 -0.4751661882 2.23508503)
(0.09026133046 0.4917854128 0.9656468767)
(0.2128067563 -0.4524525218 35.35267043)
(0.1905331384 -0.4622738616 29.58304979)
(0.2060676807 -0.4555613142 7.099374502)
(0.188931611 -0.4629307144 24.95761521)
(0.213206968 -0.4522640698 21.07133465)
(0.2122000709 -0.4527373741 30.93469021)
(0.2110790143 -0.4532611275 27.14180349)
(0.2027737418 -0.4570369893 30.11268538)
(0.2078481524 -0.4547517406 30.38640841)
(0.1634505863 -0.4725292645 26.04955571)
(0.1998579952 -0.4583195193 24.39474607)
(0.2091364809 -0.45416069 30.65722086)
(0.209918373 -0.45379982 27.41747076)
(0.1884100065 -0.4631432494 24.11484831)
(0.217043075 -0.450435682 37.5265079)
(0.1856711335 -0.4642480266 25.23308047)
(0.2156415404 -0.4511083307 20.52199145)
(0.1683997644 -0.4707881895 38.55309678)
(0.181631579 -0.4658432886 32.32828445)
(0.2105428291 -0.4535104377 35.62807468)
(0.1526015931 -0.4761436273 3.318574991)
(0.1855344987 -0.4643026489 10.4365029)
(0.1677406467 -0.4710234341 11.27341945)
(0.2135683432 -0.4520935332 34.78458237)
(0.1947312626 -0.4605211563 33.68490673)
(0.2147411629 -0.4515376318 7.65053518)
(0.2071373032 -0.4550759691 9.873696957)
(0.2086902024 -0.4543659312 9.592060515)
(0.2128701859 -0.4524226829 7.370751121)
(0.1499898075 -0.476972806 4.669009418)
(0.181680457 -0.4658242282 5.20928898)
(0.1989325759 -0.4587219531 5.476182697)
(0.1507044381 -0.4767474933 4.127045272)
(0.1618265925 -0.4730878924 4.935171914)
(0.2097250763 -0.4538891851 36.72061821)
(0.1562668719 -0.474953329 2.77772605)
(0.2057950544 -0.4556845352 38.04922715)
(0.1788734668 -0.4669092876 29.32611258)
(0.2127065825 -0.452499624 20.80434077)
(0.1632148125 -0.4726107542 11.00122561)
(0.2107098608 -0.4534328556 34.5065677)
(0.04447341679 0.4980181876 39.17114715)
(0.2132115116 -0.4522619278 37.789848)
(0.2116233239 -0.4530072503 36.17766485)
(0.2059559484 -0.4556118384 34.23190845)
(0.1716895033 -0.4695984609 33.1354374)
(0.1099885466 0.4877525188 13.55184095)
(0.2052478416 -0.4559312706 15.9391036)
(0.4995815151 -0.02045262142 0.9571853302)
(0.4491955652 0.2195981426 0.9410243649)
(0.4275332789 -0.259259128 1.007120866)
(0.1548291595 -0.4754239491 3.045171225)
(0.08564914638 0.4926096058 9.973799106)
(0.2088741868 -0.4542813821 15.66365504)
(0.07933588817 0.4936656934 25.3113714)
(0.1564302195 -0.474899554 2.510008188)
(0.2151225628 -0.451356049 22.45172657)
(0.380831858 -0.3239862589 9.145168883)
(0.1748978569 -0.4684130012 18.11404901)
(0.2267265492 -0.4456400699 8.719579963)
(0.1694444201 -0.4704132104 25.77744689)
(0.1657413952 -0.4717306328 29.06138461)
(0.1880081011 -0.4633065442 6.832050592)
(0.1462236607 -0.4781408172 17.84809221)
(0.1702624708 -0.4701177417 32.85899333)
(0.4071616833 -0.2902057265 35.19932494)
(0.3949595446 -0.3066055416 29.70517697)
(0.2756392683 0.4171606331 25.70962141)
(0.3342487315 -0.3718572112 17.44681433)
(0.2711994551 0.420060538 10.37431186)
(0.2728052067 0.4190194735 4.599394558)
(0.3500690085 -0.3570037665 26.17714678)
(0.3849368939 -0.3190980847 32.45741929)
(0.2656210775 0.4236100131 5.967327178)
(0.2922457615 0.4056999074 6.79064089)
(0.2623525256 0.4256420472 2.680443396)
(0.4132148913 -0.2815198992 37.38073606)
(0.3979946029 -0.3026554081 13.87664027)
(0.4077333463 -0.2894020013 20.37721684)
(0.4082278127 -0.2887040924 22.02890047)
(0.3837775262 -0.3204915138 14.96445568)
(0.403623771 -0.2951065088 21.19955412)
(0.3668730913 -0.339711841 6.158434704)
(0.3122084352 0.390545635 8.452991563)
(0.3108401178 0.3916355719 9.549893903)
(0.4023784237 -0.296802298 19.29761349)
(0.213611317 -0.45207323 22.72391203)
(0.3038172377 0.3971084059 12.58490683)
(0.2898606206 0.4074074381 24.60889054)
(0.3179719949 0.3858676074 19.41612888)
(0.2937340679 0.404623649 10.09838821)
(0.3864046695 -0.3173191318 15.24142247)
(0.4012354428 -0.2983456376 24.53153407)
(0.3921773064 -0.3101563483 13.34826133)
(0.384259929 -0.3199129678 33.5348257)
(0.4020087534 -0.2973028123 14.69852275)
(0.1697388499 -0.4703070516 10.72608831)
(0.3184457324 0.385476738 21.03844137)
(0.3323385223 0.373565398 13.67119037)
(0.3982931448 -0.3022624204 38.84728259)
(0.2993562458 0.4004820072 23.78319273)
(0.3986718243 -0.3017627819 5.324479827)
(0.3597143548 -0.3472831453 16.64673653)
(0.4962984142 -0.06072795117 38.83613933)
(0.3237468607 0.3810353923 13.39212707)
(0.3472478157 -0.35974846 4.268730323)
(0.3069133501 0.3947204017 9.831047681)
(0.2093987492 -0.4540398263 36.44725211)
(0.3962320267 -0.3049593104 33.80457947)
(0.3635414954 -0.3432747896 11.40673501)
(0.2732269728 0.4187445777 28.71154657)
(0.4024679469 -0.2966808921 34.079788)
(0.3107912196 0.3916743773 38.29079453)
(0.3152324761 0.3881088585 21.86197623)
(0.4016248364 -0.2978212396 5.606424605)
(0.3880493362 -0.3153057447 13.6182461)
(0.3129471145 0.3899539761 38.02563559)
(0.3127684074 0.3900973254 37.76176249)
(0.3083223006 0.3936208314 37.4894983)
(0.3107705453 0.3916907813 37.21848048)
(0.309229511 0.3929085256 36.9465913)
(0.3135633389 0.3894586403 36.67308797)
(0.3158857506 0.3875773375 36.40489603)
(0.3183347541 0.3855683913 36.13673606)
(0.3156615347 0.3877599715 35.861952)
(0.318095404 0.3857658797 35.58653689)
(0.3160883592 0.387412118 35.30952978)
(0.3173330117 0.3863932707 35.02905784)
(0.3177553969 0.3860459918 34.75433211)
(0.3171489074 0.3865443966 34.47163259)
(0.3176831762 0.3861054254 34.1913632)
(0.3180929882 0.3857678718 33.9115526)
(0.3149589857 0.3883308349 33.63032399)
(0.2910724252 0.4065425479 33.36110386)
(0.2665045552 0.4230547507 33.08058931)
(0.2788635458 0.415012196 32.80327476)
(0.3028037961 0.3978817175 32.53003765)
(0.3272194324 0.37805746 32.24807905)
(0.3244688911 0.3804207391 31.97096753)
(0.2946681142 0.4039439348 31.69786346)
(0.2917041196 0.4060895303 31.42528745)
(0.3096682791 0.3925628063 31.16660195)
(0.3141722754 0.388967584 30.89543921)
(0.3171017267 0.3865831022 30.62343708)
(0.3189423736 0.3850659195 30.3520733)
(0.3206053913 0.3836823987 30.08263652)
(0.3220366357 0.3824819019 29.811606)
(0.3227422428 0.381886691 29.53604354)
(0.2680077912 0.4221040438 27.90513502)
(0.1873306146 -0.4635808892 38.30079261)
(0.3819634686 -0.3226513733 11.67403989)
(0.2864132687 0.409838309 27.63668257)
(0.2991744883 0.4006178048 27.36744327)
(0.3092107452 0.3929232941 27.09280282)
(0.3020265475 0.3984720374 26.81286026)
(0.297751799 0.4016763202 26.53628704)
(0.2815995331 0.4131606261 26.26076295)
(0.2702664358 0.4206614478 25.98518582)
(0.2905167372 0.4069398302 25.15928411)
(0.4133574774 -0.2813104973 13.07595159)
(0.3158553061 0.3876021486 20.21676293)
(0.2855187355 0.4104619978 23.50659848)
(0.2948346844 0.4038223729 23.22722287)
(0.3072165823 0.3944844377 22.9630839)
(0.3112860103 0.3912812541 22.68616323)
(0.3123971368 0.3903947092 22.41467985)
(0.3142957411 0.3888678273 22.13852925)
(0.4153249218 -0.2783975742 31.35920694)
(0.318343622 0.3855610695 20.76957458)
(0.3161367184 0.3873726568 20.49177994)
(0.3191059631 0.3849303629 19.14410284)
(0.3215697424 0.3828745235 18.8724095)
(0.319096671 0.3849380659 18.60205869)
(0.3165000327 0.3870758702 18.32776466)
(0.306867439 0.3947560954 18.05962961)
(0.2916078808 0.4061586437 17.78312506)
(0.2816851159 0.4131022821 17.508865)
(0.2720411341 0.4195159369 17.23791559)
(0.2691038112 0.4214061447 16.96650742)
(0.2679777066 0.4221231441 16.70374945)
(0.2750489621 0.417550079 16.43107242)
(0.2894236586 0.4077179734 16.16100682)
(0.3052657549 0.3959959834 15.89164446)
(0.3033200717 0.3974882818 15.61808318)
(0.2994654864 0.4004003277 15.34224835)
(0.2927743221 0.4053186355 15.07468044)
(0.3007723867 0.3994195431 14.79664924)
(0.311268394 0.3912952682 14.52212687)
(0.3174393703 0.3863058972 14.24302082)
(0.3230743248 0.3816057922 13.9594499)
(0.3737077781 -0.3321784107 23.70030045)
(0.3153421169 0.3880197796 12.31242012)
(0.3189244482 0.385080766 12.03186493)
(0.3166357655 0.386964846 11.74567929)
(0.294120114 0.4043431198 11.47066213)
(0.2929403796 0.4051986352 25.43343979)
(0.3967752631 -0.3042521825 18.49410043)
(0.3930507556 -0.3090487073 1.295206385)
(0.3085430422 0.3934478252 8.17145271)
(0.3101907346 0.3921501092 7.897874336)
(0.3072323713 0.394472141 7.345640005)
(0.2723197269 0.419335148 6.520433867)
(0.2956123558 0.4032534378 5.151241519)
(0.2829756145 0.412219361 5.701638448)
(0.292957324 0.4051863847 5.428386043)
(0.3095055624 0.3926911087 7.616778181)
(0.2652912666 0.4238166394 4.325283627)
(0.2624820753 0.4255621695 4.044838226)
(0.3103986901 0.3919855267 9.000185622)
(0.4133781144 -0.2812801709 8.590819753)
(0.259752507 0.4272337008 2.955639082)
(0.2124256682 0.452631567 1.201684419)
(0.4042446687 -0.2942554126 19.56642031)
(0.3103339118 0.3920368136 8.722830726)
(0.4128535143 -0.282049598 8.860775179)
(0.3598603336 -0.3471318774 6.423805568)
(0.4061172697 -0.2916654989 12.2203837)
(0.3474600652 -0.3595434648 3.730084216)
(0.3548679094 -0.3522339661 28.39607495)
(0.3488873261 -0.3581586711 28.65687901)
(0.3110380587 0.3914783851 9.276178389)
(0.3967791845 -0.3042470686 11.94216624)
(0.3536422102 -0.3534645487 2.118946449)
(0.2622931645 0.4256786298 3.772980352)
(0.2916883915 0.4061008277 38.8638051)
(0.4097962479 -0.2864734459 22.85917897)
(0.381713802 -0.3229467036 16.36454767)
(0.3332854837 -0.3727207888 17.707786)
(0.4033643111 -0.2954610508 16.08169023)
(0.2617608405 0.4260061765 10.6465215)
(0.404802989 -0.2934868653 34.35285974)
(0.3873256293 -0.3161943341 24.81313819)
(0.4076443088 -0.2895274038 9.441588522)
(0.4078480289 -0.2892403591 35.48177694)
(0.3679183759 -0.3385794865 5.061911525)
(0.4069098239 -0.2905587638 27.56014823)
(0.3785342718 -0.3266677288 32.19329478)
(0.4077914822 -0.2893200771 26.9869271)
(0.4038111364 -0.294850074 6.94658625)
(0.4010959251 -0.2985331788 30.5102889)
(0.400773822 -0.2989654556 29.96938989)
(0.3964294185 -0.3047026685 24.25040315)
(0.4011811121 -0.2984186913 30.23714047)
(0.4165629471 -0.2765416987 12.78907613)
(0.2845562489 0.411129835 4.875773082)
(0.4075323456 -0.2896849794 36.84193564)
(0.3578008113 -0.3492543191 28.92491646)
(0.4118387734 -0.2835292308 37.64950214)
(0.4062393874 -0.2914953861 20.65249728)
(0.3802777797 -0.3246364278 25.37634382)
(0.4068637875 -0.2906232242 22.30866198)
(0.3020498616 0.3984543651 7.061872418)
(0.3699416031 -0.3363676713 26.44532012)
(0.4052605039 -0.2928547832 21.47805776)
(0.3171258723 0.3865632951 21.31299473)
(0.3144308647 0.3887585771 1.494824642)
(0.4080318941 -0.2889809222 31.64629635)
(0.3878989332 -0.3154907568 27.84502046)
(0.3867439039 -0.3169055897 10.29832569)
(0.3570550613 -0.3500166898 25.9196998)
(0.4036880634 -0.2950185545 14.42357167)
(0.3736694915 -0.332221479 33.2594643)
(0.4039175672 -0.2947042567 34.63697594)
(0.3055485737 0.3957778027 24.33687414)
(0.3484416367 -0.3585922836 2.92102184)
(0.3455135961 -0.3614143812 4.534038528)
(0.3481780885 -0.3588481833 4.001200394)
(0.4122805797 -0.2828864147 12.49701966)
(0.39008688 -0.312781435 5.884640909)
(0.2612693324 0.4263077948 28.44076054)
(0.4060568786 -0.2917495695 7.221426134)
(0.3489494871 -0.3580981087 16.92026827)
(0.2804563589 0.413937472 24.8854367)
(0.409778972 -0.2864981572 37.91591919)
(0.2959782203 0.4029849788 28.98741928)
(0.4066739781 -0.2908887683 36.03127894)
(0.3007686727 0.3994223398 1.819363039)
(0.3414042722 -0.3652986763 17.18969081)
(0.4555406449 0.2061133688 38.83100686)
(0.3577366924 -0.349319995 11.13911063)
(0.3755873599 -0.3300517157 6.689359953)
(0.317508958 0.3862487043 19.68270223)
(0.4113718744 -0.2842062296 8.052934605)
(0.3415118125 0.3651981406 38.59098534)
(0.4043242224 -0.2941460915 38.17953287)
(0.2605221677 0.4267648066 28.17170013)
(0.3192140057 0.3848407704 29.26392984)
(0.3118977965 0.3907937622 24.06080398)
(0.3973687763 -0.3034766146 18.75688648)
(0.4101697836 -0.285938365 31.07334088)
(0.4076385683 -0.2895354859 35.75358739)
(0.3153680679 0.3879986878 21.58617872)
(0.2855187127 0.4104620137 12.84925868)
(0.3865594269 -0.3171305874 23.41482141)
(0.2923829121 0.4056010758 13.11815711)
(0.4046279798 -0.2937281021 23.14189893)
(0.3866603578 -0.31700752 18.22481596)
(0.4093102832 -0.287167359 22.57962987)
(0.4058938346 -0.2919763604 10.0161311)
(0.262377177 0.4256268518 6.242728697)
(0.485687383 0.118776117 1.144300473)
(0.2595843105 0.4273359167 3.22709614)
(0.3830302522 -0.3213842341 23.97676725)
(0.2708036215 0.420315832 2.120091344)
(0.3898999761 0.3130143904 1.192483171)
(0.4918386531 -0.08997076931 1.223824711)
(0.4067590177 -0.2907698428 34.914056)
(0.402854906 -0.2961552375 15.5106448)
(0.4045986605 -0.293768487 19.83547829)
(0.3902417334 -0.3125882108 29.44320202)
(0.2592439685 0.4275424714 3.499899035)
(0.2619773795 0.4258730475 2.402903627)
(0.4039361999 -0.2946787173 20.92993103)
(0.2709125371 0.4202456392 11.18844054)
(0.3161650427 0.3873495395 19.9492731)
(0.3646922829 -0.3420519534 28.12545664)
(0.3480553376 -0.3589672436 3.464302776)
(0.3523570552 -0.3547456915 2.385161524)
(0.3754835356 -0.3301698267 25.64653489)
(0.3626168442 -0.344251397 1.850054186)
(0.376930231 -0.3285172765 1.577003902)
(0.411511927 -0.2840034048 37.11151844)
(0.401978573 -0.2973436175 14.14865691)
(0.4070450387 -0.2903693104 21.75769879)
(0.3639797803 -0.3428100342 32.71649501)
(0.2655128545 0.4236778542 10.91589946)
(0.4013352188 -0.2982114051 26.70633903)
(0.3492441333 -0.3578107535 2.652384469)
(0.4107406415 -0.2851177396 7.778443411)
(0.4999499531 -0.007074208694 31.52224595)
(0.4080522171 -0.2889522247 20.10501352)
(0.4403444598 0.236847539 26.38944186)
(0.4721944969 -0.1644151972 28.52963977)
(0.4957427097 -0.0651088765 9.285126761)
(0.4157583477 0.2777498809 2.809221064)
(0.4977475492 -0.04740651108 10.16527844)
(0.3741040712 -0.3317320363 29.18687151)
(0.4362432766 0.2443190612 6.642284621)
(0.4093843469 -0.2870617643 27.27206302)
(0.4920406211 -0.0888595927 32.31170952)
(0.4582575872 0.1999999594 12.45673886)
(0.4545405402 0.208309619 5.291001934)
(0.4973093297 -0.05180183996 36.96706673)
(0.4980749733 -0.04383287494 37.50151904)
(0.3406332605 -0.3660177343 38.64643518)
(0.4433175967 0.2312347476 5.004052028)
(0.360243045 -0.3467346947 32.98982567)
(0.4055850297 -0.2924051703 30.78691625)
(0.4610861219 0.1933897313 20.90603371)
(0.4611227054 0.1933024846 20.35755589)
(0.3855727982 -0.3183294163 31.920755)
(0.4283766229 0.2578632757 23.62900437)
(0.4971092354 -0.05368806308 20.5012941)
(0.4253765034 0.2627828579 26.11284522)
(0.3747992189 -0.3309464391 25.0987412)
(0.3586348827 -0.3483977912 17.970696)
(0.4841553855 -0.1248741876 11.52916933)
(0.40649743 -0.2911354314 9.724427481)
(0.4968066211 -0.05641968864 21.32895843)
(0.4781940094 -0.1460496127 16.5319026)
(0.4979272701 -0.04548003582 5.447338627)
(0.4026579214 -0.2964230057 19.02797858)
(0.4560485065 0.2049872185 8.583970477)
(0.4974893172 -0.05004377329 37.23474771)
(0.4973903463 -0.05101806959 35.32726596)
(0.4722806713 -0.1641674983 26.05923876)
(0.3518748584 -0.3552239914 3.191276545)
(0.4691394187 0.1729398909 13.82451759)
(0.4759032682 -0.1533495331 15.08972527)
(0.4270391889 0.2600721653 1.987536032)
(0.4958058476 -0.06462632165 33.92214614)
(0.4106269494 -0.2852814547 8.323488755)
(0.4700588128 -0.1704250937 38.60907137)
(0.4712360765 -0.167142335 16.80024241)
(0.4967347657 -0.05704886081 13.25246706)
(0.432973004 0.2500687462 10.23796712)
(0.3427695589 -0.3640178972 4.795154785)
(0.4717945116 -0.1655594721 4.143024931)
(0.4615543542 0.1922695456 22.00372914)
(0.4234484833 0.2658785099 25.01289035)
(0.434850943 0.2467886898 24.74106128)
(0.4090102479 -0.2875945359 7.499854565)
(0.4985806601 -0.03764738146 5.758138516)
(0.4579706057 0.2006562341 37.89443015)
(0.4587059702 0.1989694271 37.62486918)
(0.4586184592 0.1991710543 37.35980829)
(0.458724675 0.1989262993 37.08772557)
(0.4592642153 0.1976774659 36.81617254)
(0.4585618168 0.1993014305 36.54388938)
(0.4589934921 0.1983052552 36.2714875)
(0.4606045496 0.1945339274 36.00244884)
(0.4611328595 0.1932782604 35.72970131)
(0.4609138759 0.1937998943 35.45408402)
(0.461740286 0.1918225958 35.17775843)
(0.460859179 0.1939299284 34.8940992)
(0.4628336062 0.1891693765 34.60988723)
(0.4629287468 0.1889364321 34.33319056)
(0.4639514707 0.1864109247 34.049348)
(0.4650085561 0.1837581093 33.77335315)
(0.4638349546 0.1867006559 33.4774652)
(0.4197603013 0.2716639274 33.20077463)
(0.4173737502 0.2753164591 32.93584759)
(0.4462934647 0.2254376707 32.67509933)
(0.4659609972 0.1813293938 32.40739668)
(0.4780252966 0.1466008726 32.08764158)
(0.4599263664 0.196131939 31.78312043)
(0.4289288327 0.2569436835 31.54596881)
(0.4513925801 0.215045899 31.30555547)
(0.4588343963 0.1986730902 31.03789232)
(0.4619311702 0.1913624676 30.76458058)
(0.4636171199 0.1872409307 30.4874069)
(0.4653944499 0.1827785708 30.21833206)
(0.4660571812 0.1810820361 29.95263481)
(0.4662362623 0.1806204522 29.67875638)
(0.3782064152 -0.3270472557 38.42484509)
(0.4556445555 0.205883557 27.23864305)
(0.4312271375 0.2530674927 27.78186564)
(0.4775030614 0.1482930423 13.50846719)
(0.4569026387 0.2030762879 26.9557867)
(0.4545890704 0.2082036913 26.67025548)
(0.4184297014 0.2737089421 25.84704439)
(0.4965159983 -0.05892252027 14.55647451)
(0.4358636339 0.2449956992 23.35923616)
(0.4549590958 0.2073938792 23.10444098)
(0.4584715435 0.1995090069 22.83322335)
(0.4575552896 0.2016014805 22.55696112)
(0.4601642828 0.1955730882 22.28177527)
(0.4962102123 -0.06144448871 34.76359138)
(0.4969217796 -0.05539625431 24.37635174)
(0.4619492141 0.1913189055 20.62866018)
(0.4626568867 0.1896011739 19.27824624)
(0.4638556037 0.1866493474 19.00457158)
(0.464683951 0.1845774247 18.74208949)
(0.4646164235 0.1847473384 18.46959899)
(0.4609241873 0.1937753688 18.18806729)
(0.4499843904 0.2179771741 17.90915516)
(0.4358388296 0.2450398225 17.62788986)
(0.4293978414 0.2561591181 17.36174874)
(0.42464426 0.2639644909 17.09208965)
(0.4217096211 0.2686279872 16.82730988)
(0.4200817262 0.2711666339 16.56718531)
(0.4373459934 0.2423396007 16.29883756)
(0.4564511295 0.2040891138 16.04071901)
(0.4583728881 0.1997355638 15.76059401)
(0.4549063857 0.2075094703 15.48123482)
(0.4387361951 0.2398135757 15.21155011)
(0.4433745937 0.2311254413 14.93906376)
(0.458304185 0.1998931564 14.67254944)
(0.4617159269 0.1918812208 14.39288961)
(0.4645809483 0.184836529 14.10858236)
(0.4282782954 0.2580265522 4.721060466)
(0.4605334769 0.1947021228 12.18085598)
(0.4632456481 0.1881580972 11.89830556)
(0.4649779408 0.1838355641 11.59522071)
(0.4367963605 0.243328871 25.57565071)
(0.4524780409 0.2127524912 27.51692339)
(0.4061814781 -0.2915760738 36.29805508)
(0.4556577107 0.2058544405 8.313348703)
(0.4825001305 -0.1311244603 6.044810108)
(0.4551087042 0.2070653699 8.032426545)
(0.4216765658 0.2686798724 4.444807206)
(0.4190953001 0.2726887043 6.36553537)
(0.4671837814 0.1781553098 1.687682724)
(0.4270761015 0.2600115451 5.832600288)
(0.451269521 0.2153040163 5.572985441)
(0.4119315444 0.2833944295 6.105625913)
(0.4200526856 0.2712116173 4.170922494)
(0.4966263367 -0.05798518511 19.42149735)
(0.4068366238 -0.2906612487 15.79233586)
(0.4756563229 -0.1541137972 6.307832194)
(0.4968648857 -0.0559042519 35.04532673)
(0.4970029613 -0.05466311755 22.15728599)
(0.4561230261 0.2048213491 7.201401567)
(0.4963300967 -0.06046846371 30.36129798)
(0.4178160576 0.274644756 3.898542433)
(0.4057462777 -0.2921813788 36.57112874)
(0.498443606 -0.03942044748 8.455053624)
(0.4954882324 -0.0670179944 31.82327856)
(0.4982524218 -0.04176750116 37.77551165)
(0.4632361958 -0.1881813671 17.58205577)
(0.4496212504 0.2187252412 12.73467204)
(0.4814521316 -0.1349216254 32.06640392)
(0.4867182211 -0.1144787023 25.24119791)
(0.4983708763 -0.0403295138 8.178316194)
(0.4976496693 -0.0484232034 16.23058604)
(0.4970214339 -0.05449490152 9.564959151)
(0.4960164144 -0.06298981416 34.20093384)
(0.498000901 -0.04466657133 24.67224762)
(0.4179974616 0.274368588 2.539956016)
(0.4812178655 -0.1357548008 10.46900861)
(0.4979672803 -0.04503984584 26.82259696)
(0.4724004213 -0.1638225929 3.60669171)
(0.4735419699 -0.160492999 2.010654786)
(0.367119828 -0.3394451824 10.5891505)
(0.4980009132 -0.04466643522 6.77025087)
(0.4967731601 -0.05671355564 20.77777069)
(0.4961896816 -0.06161006317 12.06150056)
(0.4973503179 -0.05140682177 22.71228145)
(0.4983704138 -0.0403352286 27.40435755)
(0.4979832526 -0.04486290426 9.857398478)
(0.4958730476 -0.06410866295 18.88579085)
(0.4967102241 -0.05726214549 35.60551372)
(0.4949304536 -0.07102004012 29.82676526)
(0.4960059565 -0.06307211034 19.15034158)
(0.4189915512 0.2728480896 28.55788225)
(0.4156445015 0.2779202195 3.079965972)
(0.4964806203 -0.05921987576 9.003017065)
(0.4767177958 0.1507983528 1.388205869)
(0.4961570117 -0.06187260926 21.05357247)
(0.4745704387 -0.1574258514 11.26827243)
(0.4756112279 -0.154252909 28.27283607)
(0.466033212 -0.1811437144 26.29271394)
(0.4784183268 -0.1453131259 25.80342073)
(0.4985143323 -0.03851571734 27.71375215)
(0.4163840429 0.2768109983 3.349436449)
(0.4940789175 -0.07672042258 29.55626416)
(0.496752268 -0.05689625813 30.63368518)
(0.4855773213 -0.11922527 33.38915371)
(0.4968246922 -0.05626033399 34.4817212)
(0.4564130971 0.2041741532 24.48636294)
(0.496905213 -0.05554466078 14.84547768)
(0.4712951187 -0.1669757798 4.410880359)
(0.3592396876 -0.347774132 10.86904708)
(0.4967633632 -0.05679930472 21.60552343)
(0.4149476274 0.2789596144 10.51252477)
(0.4958704357 -0.0641288621 30.09016078)
(0.4972432364 -0.05243246984 12.34350304)
(0.4533920341 0.2107976835 9.979370093)
(0.4935030295 -0.08034152019 13.72653859)
(0.4978310012 -0.04652197539 7.059295935)
(0.4999979139 0.001444319539 12.95243356)
(0.4595302326 0.197058279 9.696374829)
(0.4616214329 0.1921084399 21.73217348)
(0.4727766941 -0.1627335168 2.795551787)
(0.4716765773 -0.1658951669 3.879397517)
(0.4937497721 -0.07881092908 33.65333946)
(0.4914585715 0.09202430409 38.60457778)
(0.4970648463 -0.05409749117 22.43310205)
(0.4695797971 -0.1717405432 6.540667579)
(0.4680936651 -0.1757507344 17.0661097)
(0.4981724135 -0.04271119829 31.20759436)
(0.4500095402 0.2179252481 38.39573639)
(0.4947324426 -0.0723865335 18.33559017)
(0.4981220084 -0.04329508957 38.04560642)
(0.4835170472 -0.1273234662 13.48645431)
(0.4659324942 0.1814026209 29.4028929)
(0.4127240935 0.282238946 28.04088276)
(0.4978964349 -0.0458163742 27.11321083)
(0.4963846912 -0.06001865036 14.27210521)
(0.4575449007 0.2016250577 25.30066791)
(0.4902711327 -0.09815404432 1.487203169)
(0.4628317354 0.1891739535 21.18308089)
(0.4945427159 -0.0736715833 24.09679202)
(0.4598113754 0.1964013724 19.54834655)
(0.4976309307 -0.04861539721 22.98944665)
(0.4589313703 0.1984489791 13.21041392)
(0.4803792405 -0.1386931334 23.56740445)
(0.4967256417 -0.05712824943 36.15251669)
(0.4983241676 -0.04090261577 7.907534292)
(0.4554622018 0.2062866518 7.755850779)
(0.4976728899 -0.04818396707 19.96059772)
(0.4972457572 -0.05240855817 36.69354012)
(0.4979343073 -0.04540292517 15.33118162)
(0.4593348647 0.1975132452 8.863390275)
(0.497175138 -0.05307430827 19.69047002)
(0.4982312314 -0.04201951951 8.723051013)
(0.4526553147 0.2123750599 6.918955182)
(0.4172073459 0.2755685587 3.625330474)
(0.4721460212 -0.1645543517 3.066508643)
(0.455282543 0.2066828635 7.483891332)
(0.4260648073 0.2616653969 11.29986034)
(0.4592923728 0.1976120347 20.08731986)
(0.4733662338 -0.1610105856 2.264670249)
(0.4959122209 -0.06380493029 25.51881487)
(0.4666742919 0.1794856687 23.91661371)
(0.4959810238 -0.06326787514 13.99469756)
(0.4974895681 -0.05004127951 20.23340286)
(0.4587850936 0.1987869157 9.414335786)
(0.495233392 -0.06887588459 32.59919093)
(0.494109926 -0.07652046177 11.78525266)
(0.4972764625 -0.05211640672 5.132919692)
(0.4569159795 0.2030462699 38.15557252)
(0.4718416268 -0.1654251469 28.78718201)
(0.417315969 0.2754040342 2.262865603)
(0.4296028231 0.2558151958 28.82018007)
(0.415194671 0.2785917895 10.77131491)
(0.4819351524 -0.1331859935 24.96401802)
(0.4978252886 -0.04658306631 15.92260458)
(0.4974054346 -0.05087075432 26.51818305)
(0.4954516775 0.06728770505 2.666586592)
(0.4846534491 -0.122926947 23.83787732)
(0.4681618238 0.175569094 29.11161507)
(0.481616951 -0.1343320978 28.01045742)
(0.4957186326 -0.0652919387 18.61413787)
(0.4969528641 -0.05511670205 21.88161455)
(0.4957223672 0.06526357804 3.755854297)
(0.4622205701 0.1906623838 21.45308588)
(0.4734856789 -0.1606589926 2.528688356)
(0.4634758155 0.1875904274 24.20880867)
(0.4971655226 -0.0531643035 36.42207229)
(0.4278788223 0.2586884486 12.97008476)
(0.4590696073 0.1981289874 19.8201507)
(0.4974118488 -0.05080799809 30.91567396)
(0.4838037255 -0.1262297714 33.09574799)
(0.482629965 -0.1306457688 1.745682108)
(0.497487018 -0.0500666244 23.27976812)
(0.4124587343 0.2826265955 28.29883399)
(0.4175869858 0.2749929259 11.03488704)
(0.4972569751 -0.05230201421 38.33658191)
(0.4987011523 -0.03601611688 12.62781863)
(0.4658052642 -0.1817290728 17.32533411)
(0.494556222 -0.07358086245 18.03673687)
(0.4974180961 -0.0507468 35.88013552)
(0.4925254624 0.08613169487 24.88670656)
(0.4975282844 0.04965487088 17.21464574)
(0.4984282579 0.03961403476 4.836640171)
(0.4721021968 -0.1646800406 3.332809547)
(0.4908695939 0.09511593882 5.984883283)
(0.4609004971 0.19383171 9.134744059)
(0.4966947002 0.05739664456 15.07828381)
(0.4979562451 -0.04516168644 15.62971335)
(0.4818662802 -0.133434958 29.04586489)
(0.4967356474 0.05704118349 23.69938658)
(0.4920135882 -0.0890091512 29.29676644)
(0.4938886066 0.07793615525 16.45647783)
(0.4982767945 0.04147572839 17.4761792)
(0.495341873 0.06809132698 33.25661951)
(0.4957826893 0.06480374226 2.937194644)
(0.4668340344 -0.179069775 32.84724763)
(0.4945332948 0.07373479754 10.63440422)
(0.474889879 -0.1564595885 11.01008437)
(0.4576291456 -0.2014337734 17.81920624)
(0.492380873 0.08695444747 10.39540643)
(0.4994933828 0.02250245566 17.74282681)
(0.4764816069 -0.1515429914 10.74381326)
(0.4955662443 0.06643867485 4.023929955)
(0.495675012 0.06562227135 25.9702044)
(0.4957940458 0.06471679994 16.69466796)
(0.4980337267 -0.04429906401 7.35000637)
(0.4869263727 0.1135900857 33.06354206)
(0.4955314438 0.06669773757 25.09200344)
(0.4953081871 0.06833593316 2.405527168)
(0.4968493621 0.05604204997 16.94703134)
(0.4937461879 0.07883338115 25.73228834)
(0.496580655 0.0583751071 4.563690755)
(0.4971913354 0.05292235859 6.47831949)
(0.4980865082 -0.04370160586 7.625946477)
(0.4943164249 0.07517494308 6.21963155)
(0.4959128042 0.06380039707 4.29326496)
(0.4980213502 0.04443798711 26.22487159)
(0.4973114312 0.05178166103 11.37509599)
(0.4959483833 0.06352323275 2.145583316)
(0.4951490876 0.06947935735 28.41898279)
(0.4958046497 0.06463551118 3.207605381)
(0.4957944631 0.06471360282 3.479884575)
(0.497557944 0.04935678602 1.906431989)
(0.4961897629 0.061609408 28.6642984)
(0.4913200712 0.09276091663 27.93449697)
(0.4640708381 -0.18611356 4.906750832)
(0.4690797233 -0.1731017423 4.669676577)
(0.4978657569 0.0461485441 32.85329388)
(0.4976845978 0.04806288709 28.8927099)
(0.4936814425 0.0792378278 23.49717177)
(0.4952652928 0.0686461195 10.89001939)
(0.4958875327 0.06399652293 11.14350991)
(0.4937779487 0.07863419973 28.16494144)
(-0.01070232712 0.03226929783 19.93338559)
(0.0002425714556 0.03626041949 16.52206987)
(-0.03054476965 0.03174709833 12.59417047)
(-0.01983216899 0.004261974461 11.67460108)
(0.02837466092 0.0182078654 10.88692487)
(-0.01372364638 0.02363518731 8.618655576)
(-0.001602902665 0.1914107335 6.26152065)
(-0.02701855967 -0.2012803061 5.654529379)
(0.01399162328 0.03358804131 4.981625798)
(-0.04072878264 -0.1555314209 2.378774778)
(-0.009876536704 -0.003729941678 29.71790061)
(0.001019506796 -0.001532361321 28.3979581)
(-0.02603887659 -0.01487585239 26.65548992)
(0.004477693053 -0.1348274724 25.86195531)
(-0.0003860354653 -0.18072658 23.61458089)
(-0.01873479296 0.01133670837 23.00182954)
(-0.01290769456 0.03761918021 35.16074745)
(-0.006488697498 0.04669947698 32.39554551)
(-0.009343539462 0.01538098259 37.25251763)
(-0.03450139987 0.0361876019 38.30001463)
(-0.05523859658 -0.1103720958 39.40685553)
(-0.03141536403 0.008587908443 0.7530183496)
(-0.05476946144 -0.1356118699 20.32184064)
(-0.03829272941 0.02157390033 21.10913429)
(-0.02279630077 0.02379625712 30.80078089)
(-0.02055282587 0.003345185552 32.0381461)
(-0.02122397126 0.02770681508 31.23444615)
(-0.00841353701 0.006423179892 35.96109029)
(-0.005868868426 -0.1847551993 32.71045828)
(-0.04014922822 -0.1888564379 33.86672431)
(-0.03112536714 0.02261651077 34.42823617)
(-0.01126823722 0.01664823471 34.78941721)
(0.095518533 -0.1176151631 25.12791991)
(-0.01973711433 -0.1735515948 27.50540929)
(0.01438658856 0.001120821671 27.968246)
(-0.08655008043 0.03807279368 24.17016293)
(-0.01219964438 0.02658374574 23.3381567)
(-0.0171800073 0.03720150817 20.70757726)
(-0.02155346494 0.01179959426 22.26022428)
(-0.02592997256 0.02975239443 10.03881371)
(-0.013657983 -0.01529880752 17.59978138)
(0.0003315487741 0.03727396717 17.24394432)
(-0.0273417186 -0.01394096002 13.92210524)
(-0.0009064741368 0.02691767986 13.31066082)
(-0.01909112352 0.0007327659896 12.14550059)
(0.02582490434 0.01861176776 14.93125612)
(0.01842665366 0.03342296342 5.971115557)
(-0.01392101191 0.02185838731 7.805145379)
(0.01772851029 0.008720363655 9.072088387)
(-0.04867256522 -0.1290354414 2.720440183)
(0.03428425897 -0.1582896714 1.692508723)
(-0.03238872768 -0.1520929671 4.603502532)
(-0.01903986591 -0.1275624223 3.398271184)
(-0.01129488629 0.01369015967 19.55226936)
(-0.01059510698 0.00272549073 19.11623756)
(-0.02535914198 -0.1852027001 17.92091929)
(-0.003712234007 -0.1363329381 7.147703331)
(-0.02665818623 0.04063311491 27.07971313)
(-0.077710061 -0.1425507988 25.47061567)
(0.03899228865 -0.190364565 38.93906146)
(-0.007313295307 -0.1470932767 3.058476002)
(-0.02208653719 -0.1585675717 39.70227668)
(0.007597818145 0.1002114112 39.1607102)
(-0.002780288846 -0.1569339466 38.61882241)
(0.06381046999 -0.1769779895 38.03827323)
(-0.03105467056 0.02393371327 37.66068365)
(-0.0226755502 0.02423898319 36.84258749)
(-0.02798514001 0.01824988922 36.41146651)
(-0.01276248572 0.01220935941 35.53590017)
(0.04870846486 0.121204877 33.03873671)
(0.01254536963 -0.193621369 33.19604959)
(-0.02044330057 -0.1588247977 33.55047588)
(-0.01004198816 0.04889495121 34.08365301)
(-0.03260017151 -0.1420422348 31.68547718)
(-0.03020482881 0.008880284776 30.41343171)
(-0.004635308036 0.02986414353 30.06326358)
(0.001744138409 0.004593452698 26.29267819)
(0.005590191123 -0.191441947 28.82652193)
(0.04913226076 -0.188248669 29.16685259)
(-0.06453073199 0.05055113185 29.37453214)
(-0.01688831618 0.03935083147 22.64513627)
(0.02099790073 -0.1897554366 23.910988)
(-0.06457170442 -0.179476712 24.44145177)
(-0.03735857072 -0.144657992 24.78482763)
(-0.02351461308 0.01562103541 0.3460157144)
(0.01407326351 -0.1320133835 1.221967575)
(-0.0200191941 -0.1990063808 3.730778898)
(-0.02302356423 -0.2036391608 4.058479558)
(-0.006713577132 0.03882705722 4.27163925)
(0.01668122945 -0.1319884958 2.047800461)
(-0.05966890658 -0.1916850507 5.282369408)
(-0.001209284005 0.0419971363 15.32378814)
(-0.0116935762 0.00697451655 14.26841709)
(-0.07394618175 -0.1798148804 14.64633778)
(-0.01703354619 -0.1472394262 16.12839722)
(-0.005431813096 -0.003401803975 16.89508869)
(-0.03093576551 0.003543307855 15.72559152)
(-0.01057388384 -0.1201352382 11.25934141)
(0.02328417644 -0.159628245 10.50749305)
(-0.004041964675 0.05154612647 12.97263484)
(-0.007043341539 -0.1842337411 13.57495534)
(-0.06488860559 0.03241492922 7.43785345)
(-0.02791314198 0.002734339273 6.825241641)
(0.04995758337 -0.2023906062 6.632604375)
(0.007888214633 -0.1865148451 6.329196576)
(-0.008893402013 0.01650155918 8.205870823)
(-0.04258497508 0.0232391032 9.545670864)
(-0.01683409713 -0.002513026025 21.48448243)
(0.02315817618 -0.1352632718 21.84455097)
(-0.05209259516 -0.1965130657 18.30330739)
(-0.03049072597 0.02645036431 18.67847663)
(0.04777477556 0.2131954605 1.050629954)
(-0.04988103012 0.1898342342 1.463471359)
(0.03756278513 0.1993554315 2.552292388)
(0.02563119835 0.2157833964 2.931591963)
(0.01474023199 0.2212148926 3.279972562)
(0.02062841593 0.1852602635 3.618144047)
(-0.03277217217 0.1777855967 3.962551272)
(0.04094212018 0.2031527264 4.555500701)
(0.01957445785 0.1855249214 2.202133098)
(-0.03118708447 0.1678638457 5.523001778)
(-0.0155433035 0.2268947276 6.576066957)
(-0.01356853033 0.2119710183 14.54999588)
(-0.03865008149 0.1955130153 13.62642831)
(-0.02769440769 0.2236773766 16.13804691)
(-0.03446078555 0.1737341359 18.27540738)
(-0.01300199143 0.1816662725 10.49168431)
(0.0338304925 0.2127782264 11.25220012)
(0.05181306237 0.1928056995 20.30561001)
(-0.02340988785 0.2225054352 21.84579535)
(0.07368773593 0.2216895706 23.57038182)
(0.03356977182 0.2561202425 24.38433963)
(0.0553625641 0.1694320813 24.63472005)
(-0.002791864871 0.2206850462 24.91783849)
(0.05176508336 0.1717041967 26.02256064)
(0.0253804537 0.2177266944 25.74687475)
(0.01419967957 0.2018865881 28.69335667)
(-0.02166712318 0.1958568162 29.04701453)
(0.01772439138 0.2106883498 31.64997537)
(-0.00507742823 0.184866783 33.35185826)
(-0.02374102569 0.2238308444 37.9934797)
(0.0001659708147 0.1941258679 38.63473832)
(-0.0336075299 0.1828267302 39.72279654)
(-0.01856901191 0.2044793149 1.838926714)
(-0.03089779062 0.231957 7.125606283)
(0.07332042407 0.206445946 17.8865449)
(-0.02297081376 0.1829345933 27.54607978)
(-0.0441024 0.2062931126 25.19484107)
(-0.008267839732 0.2484369058 25.48532875)
(0.07114506123 0.1855051025 23.89449126)
(-0.001118832749 0.2174856233 39.45006488)
(0.0006020934861 0.2305169224 38.92021891)
(-0.01357507199 0.2057401177 33.69449839)
(-0.03393772224 0.1802726793 32.7166048)
(-0.2649981827 -0.08990698562 39.86396192)
(-0.2718786106 0.03389969025 0.1589291044)
)


// ************************************************************************* //
