/*--------------------------------*- C++ -*----------------------------------*\
| =========                 |                                                 |
| \\      /  F ield         | OpenFOAM: The Open Source CFD Toolbox           |
|  \\    /   O peration     | Version:  v2012                                 |
|   \\  /    A nd           | Website:  www.openfoam.com                      |
|    \\/     M anipulation  |                                                 |
\*---------------------------------------------------------------------------*/
FoamFile
{
    version     2.0;
    format      ascii;
    class       volScalarField;
    location    "0";
    object      p;
}
// * * * * * * * * * * * * * * * * * * * * * * * * * * * * * * * * * * * * * //

dimensions      [0 2 -2 0 0 0 0];


internalField   nonuniform List<scalar> 
5687
(
4.38587e-08
4.33349e-08
5.48067e-08
5.44815e-08
4.35807e-08
3.08752e-08
5.01979e-08
9.43022e-09
3.21706e-08
1.91437e-08
3.46584e-08
3.35199e-08
5.26467e-10
3.44899e-08
3.26843e-08
5.87981e-08
6.20174e-08
5.47015e-08
5.54487e-08
3.6202e-08
5.44991e-08
7.49237e-10
5.74735e-08
3.04103e-08
1.69438e-10
3.043e-08
1.45059e-08
1.28083e-10
3.09666e-08
3.18366e-08
5.45991e-08
1.64579e-08
9.70492e-09
2.73639e-08
9.72184e-09
5.43059e-08
2.86129e-09
1.95844e-10
2.06781e-10
5.64284e-08
5.64873e-08
6.09841e-08
1.70023e-08
5.32138e-08
5.29749e-08
2.67294e-08
1.84473e-08
3.63772e-08
3.41164e-08
1.45739e-09
4.63335e-08
1.87983e-08
1.80935e-08
1.7044e-08
1.67251e-08
6.10572e-08
6.09232e-08
2.18143e-08
6.45941e-10
1.99382e-08
1.73588e-08
4.21454e-08
1.05283e-08
3.62589e-08
3.51481e-08
3.69145e-08
3.43845e-08
1.68563e-08
3.30054e-08
6.19708e-08
3.60574e-08
4.38895e-08
3.61633e-08
3.64575e-08
5.68182e-08
6.15186e-08
6.23246e-08
3.04141e-08
4.14238e-08
6.23355e-08
3.11629e-08
3.67638e-08
4.34329e-08
4.35317e-08
1.51988e-08
4.34459e-08
5.21767e-08
9.01289e-09
2.55599e-08
1.77538e-08
4.32179e-08
5.30921e-09
5.15338e-08
5.31383e-08
5.32407e-08
4.041e-08
1.73499e-08
1.73827e-08
5.33601e-08
3.01089e-08
2.12487e-09
2.92054e-08
1.53085e-08
5.19128e-08
1.87912e-09
9.0189e-09
5.33631e-08
4.21068e-08
3.69722e-08
1.95875e-08
4.09463e-08
3.8495e-09
4.22713e-08
9.51378e-09
9.87416e-09
4.80295e-08
9.92728e-09
3.66646e-08
5.51499e-08
5.24382e-09
4.78485e-08
2.03153e-08
4.79925e-08
1.72055e-08
1.72312e-08
3.94971e-08
4.72099e-08
4.79881e-08
4.8404e-08
3.96648e-09
3.21342e-09
5.78332e-09
2.42874e-08
1.94968e-08
2.26209e-08
5.90969e-08
5.79894e-08
2.0192e-08
2.39925e-08
2.93794e-08
1.60968e-08
5.61991e-08
1.8214e-09
1.27463e-09
5.13949e-08
6.65428e-09
2.86895e-08
2.38982e-08
3.92715e-08
3.49079e-08
2.70558e-09
3.71994e-08
2.50582e-08
6.07663e-08
3.24952e-08
3.81918e-08
3.72872e-08
3.72556e-08
5.77295e-08
3.86277e-08
2.50508e-08
3.69483e-08
5.14666e-08
4.27552e-08
5.81076e-08
3.5447e-08
3.01536e-08
1.76563e-08
3.53933e-08
1.72168e-08
4.37133e-08
1.70596e-08
3.0557e-08
1.61753e-08
1.88072e-08
4.41448e-08
2.81247e-08
1.46614e-08
7.06178e-09
3.90152e-08
4.06733e-08
5.98903e-09
1.39178e-08
3.05802e-08
5.52936e-08
5.59444e-08
3.02927e-08
4.88419e-08
2.06284e-08
2.24427e-08
4.37273e-08
1.64732e-08
5.59445e-08
5.57742e-08
5.59288e-08
4.67714e-08
3.92187e-08
6.16699e-08
4.0016e-08
5.42188e-08
3.10841e-08
3.00623e-09
6.17588e-08
3.86608e-08
3.89389e-08
1.25992e-08
2.5404e-09
3.89928e-08
4.02068e-08
1.11688e-08
2.59571e-08
6.14043e-08
4.34187e-08
3.83971e-08
3.8816e-08
2.55504e-08
2.54638e-08
2.48407e-09
1.90944e-08
5.64664e-08
5.49919e-08
5.70949e-08
2.57539e-08
5.90078e-08
5.01459e-08
1.97462e-08
1.95122e-08
8.97517e-09
9.23887e-09
5.79986e-08
5.8923e-08
5.88324e-08
2.22823e-08
3.76168e-08
2.17378e-08
3.94404e-08
5.95231e-08
4.10244e-08
4.11626e-08
4.09686e-08
5.28108e-08
4.11917e-08
1.01903e-08
3.07233e-08
1.81745e-08
6.01474e-08
4.17466e-08
5.67211e-08
6.02132e-08
4.12437e-08
5.80312e-08
5.96365e-08
5.74641e-08
5.70761e-08
3.1856e-08
5.2562e-08
4.54617e-08
4.36747e-08
3.32993e-08
5.64507e-08
4.4043e-08
2.53099e-09
4.34239e-08
1.93329e-08
7.13517e-09
4.78426e-08
3.83456e-09
5.08289e-09
5.33703e-08
8.81487e-09
5.74958e-08
3.47438e-08
4.45618e-08
4.26861e-08
5.11725e-09
1.5389e-09
1.9467e-08
1.9439e-08
8.60793e-09
4.06758e-08
3.1712e-08
3.57958e-08
4.03997e-08
8.78886e-09
2.28668e-09
3.466e-08
1.92917e-08
5.3409e-08
5.72283e-08
2.76518e-08
2.81418e-08
5.52937e-08
3.25892e-08
6.18634e-08
3.18107e-08
3.1745e-08
1.01831e-08
2.07567e-08
3.97642e-08
4.58717e-08
2.81692e-08
2.74026e-08
2.84761e-08
2.80351e-08
2.81874e-08
2.37754e-08
3.09859e-08
2.69603e-08
3.02978e-08
5.54315e-08
2.2735e-08
1.08157e-08
3.11093e-08
9.25428e-09
9.88315e-09
3.13971e-08
5.80484e-08
2.15587e-09
7.80372e-09
5.01787e-08
1.81822e-09
2.57564e-09
3.7284e-09
1.97904e-08
5.78793e-08
4.75198e-08
3.00331e-10
5.09192e-08
1.64755e-09
4.12614e-08
1.28677e-08
1.00616e-08
4.61744e-08
3.4689e-08
1.64088e-08
8.44063e-09
3.17803e-08
3.18546e-08
5.30829e-08
3.17373e-08
6.22905e-08
5.13417e-08
6.10224e-08
1.58052e-08
6.11596e-08
1.33002e-08
6.1401e-08
5.2893e-08
5.23933e-08
5.13632e-08
1.13572e-08
2.78287e-09
5.26387e-08
1.58803e-08
1.48004e-08
5.3986e-08
5.2523e-08
8.18451e-09
3.70289e-08
2.38277e-08
5.36245e-08
2.34568e-09
5.23343e-08
3.71311e-08
2.16746e-08
1.43005e-08
8.83355e-09
3.63851e-08
3.13007e-10
3.70045e-08
4.1372e-08
8.18924e-09
4.10482e-08
5.90331e-08
1.20894e-08
5.29768e-08
4.08458e-08
5.40319e-08
5.39439e-08
3.8682e-08
3.75763e-08
3.68519e-08
3.71231e-08
4.92095e-08
4.85314e-08
8.3532e-09
3.77841e-08
1.14385e-08
3.99765e-08
1.76053e-08
4.97569e-08
8.27644e-09
3.91876e-08
1.32409e-08
4.80218e-08
6.27347e-08
4.37082e-08
4.49366e-08
4.41374e-08
1.83847e-08
5.95208e-08
1.58046e-08
4.40227e-08
4.30817e-08
2.44761e-08
4.12802e-08
4.76096e-08
5.96499e-08
8.5014e-09
5.35964e-08
5.33988e-08
5.35195e-08
1.74648e-08
2.57271e-08
5.33677e-08
3.40034e-08
2.99351e-08
6.01805e-08
1.6586e-08
3.11219e-08
2.89705e-08
3.28761e-08
2.39441e-08
2.40257e-08
3.49165e-08
2.39488e-08
2.43173e-08
3.45925e-08
2.28182e-08
7.73335e-09
3.28157e-08
4.52074e-08
4.01235e-08
5.56349e-08
1.63757e-08
3.9874e-08
3.8959e-08
4.00167e-08
8.19674e-09
2.9821e-08
2.7288e-08
4.01016e-08
1.62789e-08
3.97318e-08
2.37903e-08
5.47911e-08
4.94054e-08
3.57449e-08
8.03163e-09
3.05551e-08
6.02516e-08
2.63099e-08
1.97417e-09
4.24982e-08
2.65378e-08
5.49515e-09
3.4891e-08
3.10792e-08
2.211e-08
2.13775e-08
2.15859e-08
2.1513e-09
4.35668e-08
3.96399e-08
2.16833e-08
6.12718e-08
2.15888e-08
2.23592e-08
4.34569e-08
3.55846e-08
3.70838e-08
3.87806e-08
3.90343e-08
3.72232e-08
3.70311e-08
1.79405e-08
5.80254e-08
4.35712e-08
3.61543e-08
2.42111e-08
3.71169e-09
5.92056e-08
3.65584e-08
1.28e-08
3.90662e-08
3.53175e-08
5.90956e-08
3.83982e-08
4.34854e-08
2.68578e-08
2.55656e-08
2.63099e-08
2.67759e-08
4.52794e-08
8.89806e-09
1.31208e-08
5.79204e-08
5.75291e-08
5.76329e-08
1.6203e-08
8.6724e-09
2.12618e-08
1.64299e-08
5.78392e-08
8.14631e-09
7.84895e-09
5.22388e-08
2.72149e-08
1.26542e-08
5.43256e-08
2.81634e-08
2.72897e-08
2.60562e-08
3.1266e-08
1.15826e-08
3.12826e-08
5.7719e-08
2.81485e-09
4.54201e-08
3.96387e-09
5.12099e-08
4.82746e-08
2.33056e-09
4.40353e-08
4.4011e-08
1.66915e-08
2.18758e-08
5.81313e-08
2.2179e-08
5.42152e-08
1.81879e-08
4.88633e-08
2.09271e-09
2.51507e-10
1.28832e-08
4.52582e-09
8.43339e-09
6.70868e-11
3.7735e-08
3.14055e-08
2.86417e-10
2.99391e-08
3.05325e-08
5.20784e-09
1.61517e-08
3.71472e-08
3.59031e-08
2.6652e-08
2.50015e-08
4.85874e-08
3.70438e-08
2.61481e-08
2.24272e-08
3.8042e-08
2.57607e-08
2.76847e-08
3.80719e-08
9.6163e-09
8.44446e-09
7.58879e-09
5.65659e-09
8.58038e-09
4.32557e-08
9.67438e-09
1.16507e-08
2.17224e-08
2.44931e-08
1.1249e-08
2.48311e-08
1.13332e-08
1.21098e-08
4.2509e-09
4.46675e-09
4.35617e-08
4.50369e-08
5.57038e-08
1.64706e-08
1.28579e-08
2.87854e-08
4.82725e-08
5.86803e-09
3.10522e-08
3.74471e-08
2.71567e-08
1.35777e-08
2.17934e-09
1.41004e-08
5.97658e-08
1.0478e-09
9.53581e-09
9.77802e-09
4.59831e-09
5.0053e-08
4.45899e-08
4.29484e-08
1.20582e-08
6.00206e-08
1.07893e-08
3.11663e-08
3.63521e-08
5.26027e-09
9.89794e-09
4.93665e-08
4.52006e-09
3.50905e-08
4.41351e-09
2.34733e-09
6.06662e-09
3.56949e-08
3.9773e-08
5.79365e-08
4.58469e-08
3.43746e-08
4.00508e-08
3.99827e-08
4.14258e-08
4.08672e-08
1.47688e-08
4.65713e-08
4.67506e-08
8.55869e-09
2.74462e-08
4.77795e-08
6.16341e-08
1.58394e-08
5.14021e-08
5.92922e-08
3.18793e-08
3.10796e-08
6.04944e-08
1.07426e-08
4.65038e-08
2.07564e-09
3.9696e-08
1.59821e-08
5.70483e-08
3.92331e-08
5.04938e-08
3.07437e-08
4.82498e-08
1.02614e-08
3.94283e-08
3.08788e-08
3.92262e-08
3.65155e-08
1.07029e-08
2.30965e-08
1.01219e-08
3.9861e-08
3.97076e-08
5.06184e-08
1.80803e-08
4.03819e-08
3.89798e-08
1.59168e-08
3.12273e-08
3.05539e-08
4.35456e-08
8.36126e-09
3.11264e-08
5.49052e-09
2.21949e-08
5.177e-08
2.92006e-09
4.45113e-08
2.82725e-08
3.05857e-09
3.07692e-08
5.60478e-08
2.77196e-08
5.10955e-08
3.05701e-08
8.51798e-09
1.95921e-08
1.55847e-08
2.23405e-08
1.78487e-08
6.04622e-08
1.6941e-08
4.4628e-08
1.82113e-08
4.47067e-08
2.26393e-08
1.81462e-08
1.82345e-08
1.40496e-08
4.51808e-08
2.90283e-08
8.55226e-09
1.23387e-08
1.78426e-08
1.69633e-08
3.91352e-08
4.45771e-08
3.08315e-08
3.26402e-09
1.55512e-08
4.39524e-08
1.01583e-08
5.02872e-09
2.3781e-08
2.47512e-08
5.81325e-08
4.39296e-08
1.61133e-08
4.45805e-08
4.01756e-09
4.42489e-08
1.0577e-08
3.08411e-09
5.2918e-08
5.20012e-08
3.1609e-09
5.31822e-08
5.27435e-08
2.47989e-08
4.28924e-08
3.30298e-08
2.60671e-08
2.52411e-08
2.6083e-08
3.88105e-08
3.95541e-08
7.45825e-09
3.91019e-08
5.95799e-08
5.98263e-08
4.38812e-08
7.98862e-09
1.03986e-08
1.06597e-08
3.34437e-08
4.26356e-08
1.07905e-08
8.57854e-09
2.70765e-09
8.03846e-09
1.08171e-08
7.82478e-09
5.64197e-08
4.94401e-08
5.56499e-08
2.22747e-08
4.75268e-08
3.46703e-08
3.41657e-08
4.8324e-08
2.04835e-08
4.15202e-09
8.70301e-09
7.24361e-09
1.75286e-08
5.61238e-08
3.57911e-08
6.41849e-09
3.63267e-08
4.27539e-08
4.9507e-08
1.02587e-08
3.85466e-08
3.02116e-09
5.88113e-08
3.64322e-08
3.60871e-08
4.13451e-08
1.8234e-08
5.17185e-08
5.03714e-08
4.12921e-08
6.22263e-08
4.71891e-08
3.97476e-08
4.14223e-08
4.15438e-08
4.17724e-08
4.93968e-08
4.54116e-08
4.59313e-08
2.47891e-08
2.80295e-08
5.47653e-08
4.26524e-08
4.19387e-08
6.22359e-08
4.20388e-08
4.31677e-09
6.26136e-08
3.63333e-08
2.14306e-08
9.79914e-09
2.11943e-08
6.19192e-08
2.18086e-08
7.13289e-09
5.63909e-09
3.23926e-08
6.06955e-09
2.9813e-08
5.43326e-08
6.83041e-09
7.84897e-09
6.03258e-09
2.72e-08
4.69814e-09
5.37715e-09
6.04403e-09
6.10936e-08
6.17942e-08
2.78199e-08
5.45087e-08
6.15586e-08
6.17244e-08
2.34296e-08
5.53876e-08
5.5456e-08
2.29951e-08
2.35879e-08
5.79886e-08
2.38696e-08
5.55981e-08
5.74526e-08
5.55154e-08
5.45067e-08
5.59934e-08
3.60377e-08
5.99109e-08
5.80324e-08
4.84782e-08
4.71284e-08
4.34582e-09
5.74557e-09
5.28232e-08
1.78507e-08
5.46956e-08
4.43304e-08
4.71734e-08
4.63738e-09
1.54082e-08
1.56652e-08
1.51998e-08
1.54965e-08
1.42127e-08
6.01507e-08
5.85131e-08
1.47273e-08
4.34652e-08
5.46773e-08
9.6758e-09
1.60262e-08
1.02184e-08
4.37702e-08
4.80911e-09
4.35382e-08
4.80879e-08
6.00133e-09
1.56238e-08
3.05671e-08
3.70893e-08
5.94556e-09
4.84153e-09
1.30223e-08
3.74937e-08
3.97721e-08
7.19357e-09
8.27606e-09
7.53745e-09
2.46523e-08
6.98616e-09
1.87995e-09
1.95587e-08
2.49112e-08
3.74835e-09
1.10128e-08
2.33348e-09
1.93116e-08
3.30921e-08
2.92814e-08
2.041e-08
1.74926e-08
1.48952e-08
5.03387e-08
1.95596e-08
2.65251e-08
2.13115e-08
5.07114e-08
1.47564e-08
2.07595e-08
5.07684e-08
1.94524e-08
3.59261e-08
2.13002e-08
2.11662e-08
1.91864e-08
5.09395e-08
9.11413e-09
2.76828e-08
4.15872e-08
1.84103e-08
1.90558e-08
3.95288e-08
1.65633e-08
1.98941e-08
1.9346e-08
1.75063e-08
5.0896e-08
3.59982e-08
3.11797e-08
2.52664e-08
5.82705e-08
1.93058e-08
3.26679e-08
8.06744e-09
4.37812e-08
8.08125e-09
1.02462e-08
1.06073e-08
3.60699e-08
3.36608e-08
3.2673e-08
2.19282e-08
2.20465e-08
2.19769e-08
2.18863e-08
3.43877e-08
3.65862e-08
3.60821e-08
5.61729e-08
5.61118e-08
5.20361e-08
4.13558e-08
5.58397e-08
5.27663e-08
5.45339e-08
1.24713e-08
3.65032e-08
3.80724e-09
2.76675e-08
2.76433e-08
4.0105e-08
2.42065e-08
2.7673e-08
2.87143e-08
2.79347e-08
4.7836e-08
2.82632e-08
4.52494e-09
2.27309e-08
2.41037e-08
2.00317e-08
2.24915e-08
9.2694e-09
4.42403e-09
5.64339e-09
7.55085e-09
1.67205e-09
5.86535e-08
1.70422e-09
4.75286e-08
2.94559e-09
5.81968e-09
5.95625e-08
5.56474e-08
3.32877e-08
5.67579e-09
1.18777e-08
3.30371e-08
4.25928e-08
1.39069e-08
5.13423e-08
4.67816e-08
4.59733e-08
3.34216e-08
3.34767e-08
3.34958e-08
3.35082e-08
4.08899e-08
4.13671e-08
5.94265e-08
4.05129e-08
4.09871e-08
4.07806e-08
1.40553e-08
4.78414e-08
4.75219e-08
3.92084e-08
4.75999e-08
2.24013e-08
4.72633e-08
4.60311e-08
4.74728e-08
3.34927e-08
1.309e-08
1.40761e-08
4.64207e-08
1.3039e-08
5.9875e-08
2.49469e-08
1.03027e-08
5.82192e-09
5.44116e-08
5.4079e-08
3.8487e-08
4.91815e-08
4.75283e-09
8.81893e-09
5.46325e-08
5.45024e-08
1.01671e-08
5.40214e-08
4.03664e-09
2.64709e-09
5.2261e-09
3.80199e-09
4.86987e-09
6.66062e-09
3.02073e-09
2.06412e-08
2.08497e-10
9.87032e-09
5.88996e-08
3.46649e-09
3.18914e-09
5.61773e-08
6.01347e-08
2.86096e-09
3.55135e-09
4.78251e-08
3.94577e-08
5.12885e-08
5.12662e-08
6.24893e-08
5.50406e-08
1.93996e-08
5.13758e-08
6.08108e-08
1.12888e-08
5.82428e-08
2.2292e-08
2.22959e-08
6.109e-08
9.05037e-09
4.25971e-08
2.22023e-08
5.14066e-08
6.46054e-09
5.92268e-08
4.07551e-08
2.67297e-08
3.86016e-08
2.18766e-08
2.66805e-08
3.05106e-08
4.25182e-08
4.06094e-08
2.64697e-08
5.94118e-08
6.11396e-08
4.50524e-08
2.70725e-08
6.12866e-08
6.14495e-08
6.07178e-08
3.09396e-08
5.36274e-08
6.11081e-08
4.84164e-08
3.17656e-08
4.86144e-08
4.84357e-08
4.89985e-08
3.1146e-08
4.11485e-08
2.4707e-08
2.7581e-08
4.83229e-08
2.98401e-08
4.89413e-08
2.66798e-08
3.43572e-09
5.07073e-08
3.14085e-08
2.62343e-08
1.21307e-08
2.3864e-08
2.48764e-08
2.65719e-08
4.10662e-08
4.92741e-08
4.38565e-08
4.17018e-08
3.7164e-08
3.73443e-08
3.03033e-08
3.74176e-08
6.99823e-09
1.01567e-08
3.76087e-08
2.71165e-08
3.78897e-08
3.76843e-08
5.09247e-08
3.56038e-08
3.73756e-08
3.19341e-08
3.7539e-08
4.98139e-08
3.78145e-09
1.73806e-08
2.60278e-08
5.57392e-08
4.97479e-08
4.93311e-08
3.28753e-09
1.97839e-08
4.19759e-08
8.40783e-09
5.00088e-09
3.09471e-09
1.96446e-08
5.83699e-08
3.54778e-09
5.84253e-08
3.5006e-09
6.12827e-08
6.08994e-08
3.40859e-08
5.79094e-08
2.99355e-08
6.13958e-08
2.58419e-08
2.7475e-08
1.88365e-08
3.72301e-09
1.8601e-08
1.88581e-08
8.15939e-09
4.05949e-09
1.02727e-08
5.54773e-08
5.03162e-08
4.15779e-08
5.64772e-08
1.00049e-08
2.69721e-09
6.05474e-08
3.52582e-09
4.54961e-08
2.43072e-08
6.16519e-08
5.82062e-08
5.63903e-08
5.40492e-08
2.48335e-08
4.6323e-09
4.38248e-09
4.26015e-08
1.95816e-09
1.22032e-08
2.733e-08
1.38765e-08
3.42384e-09
1.26795e-08
4.66657e-08
4.96676e-08
4.79229e-08
1.2624e-08
1.23599e-08
5.67024e-08
1.19722e-08
1.18095e-08
1.45478e-08
5.6789e-08
3.03003e-08
3.58692e-08
1.20204e-08
1.1903e-08
4.66099e-08
4.3889e-08
5.20016e-09
6.16219e-08
3.3022e-08
1.27074e-08
2.74463e-08
5.54331e-09
5.75447e-08
4.09101e-08
5.73485e-08
4.65929e-08
4.31209e-09
4.50434e-08
5.41426e-08
5.29878e-08
3.74065e-08
1.16984e-08
1.16035e-08
3.81998e-08
4.69982e-08
3.24465e-08
3.26123e-08
3.29194e-08
3.56891e-08
9.32403e-09
3.191e-08
4.71228e-08
4.89967e-09
4.78589e-08
3.26114e-08
4.83449e-08
2.37916e-08
3.24491e-08
5.35435e-08
2.48624e-08
4.33539e-08
3.27703e-08
2.36811e-08
9.41175e-09
2.27195e-09
3.0145e-08
2.65769e-08
3.79839e-08
5.0674e-08
3.90157e-08
2.7066e-08
3.24261e-08
3.8834e-08
2.2322e-09
6.13573e-09
2.31904e-09
3.39066e-08
2.17572e-09
1.01177e-08
3.2971e-08
8.3847e-09
2.02093e-09
2.28032e-09
3.43234e-08
3.05055e-08
2.93802e-08
4.92757e-08
4.81381e-08
2.90172e-08
4.48021e-08
3.24351e-08
1.05356e-08
4.10096e-08
4.14812e-08
9.94859e-09
4.6563e-08
3.35152e-08
4.94912e-08
2.06322e-08
2.22617e-09
4.92662e-08
2.93999e-08
2.18831e-08
3.94985e-08
3.89815e-08
2.20864e-09
9.89809e-09
3.90831e-08
3.30317e-08
8.76493e-09
2.56635e-08
2.54779e-08
2.48384e-08
4.9349e-08
3.7022e-09
3.07512e-08
4.60831e-08
4.64037e-08
2.72236e-08
5.55206e-08
3.31916e-08
2.71068e-08
6.15346e-08
2.08829e-08
1.50057e-08
2.06808e-08
2.06847e-08
2.04108e-08
3.87514e-09
4.69133e-08
5.97194e-08
3.54895e-09
5.03639e-08
5.08328e-08
5.5583e-08
5.79559e-08
2.0157e-08
4.79974e-08
1.58532e-08
2.02735e-08
3.46314e-08
2.06558e-08
1.52477e-08
4.50678e-08
4.71307e-08
1.55227e-08
1.88334e-08
4.75632e-08
2.12986e-08
2.2736e-08
1.11978e-08
4.67954e-08
4.64559e-08
4.52665e-08
1.16908e-08
1.05466e-08
2.14555e-08
4.47939e-08
5.52877e-09
4.45904e-09
5.10939e-08
3.74805e-09
2.23342e-08
4.5261e-08
3.32953e-08
6.36769e-09
2.00562e-08
1.93284e-08
3.06153e-08
6.58125e-09
5.81833e-08
5.95521e-08
5.77514e-08
2.34521e-08
2.05349e-08
1.88617e-08
1.32444e-08
1.89926e-08
3.08812e-08
8.37424e-09
5.5637e-08
3.12282e-08
3.09225e-08
5.35928e-08
1.19743e-09
4.58354e-08
1.02652e-08
5.94846e-09
5.33736e-08
2.58392e-08
1.04307e-08
1.78399e-08
4.69073e-08
5.36734e-08
4.68758e-08
5.19031e-08
3.05622e-08
4.57057e-08
4.72025e-08
2.46607e-08
2.90942e-08
3.86662e-08
3.08944e-08
1.11836e-08
1.677e-08
1.3898e-08
4.59027e-08
5.54864e-08
3.21792e-08
3.17335e-08
3.07619e-08
4.24246e-08
4.43393e-08
4.33812e-08
4.13596e-08
4.37784e-08
3.16754e-08
2.46672e-08
1.03516e-08
3.13539e-08
3.83549e-08
2.49971e-08
3.67281e-08
2.3114e-08
2.73298e-08
2.7904e-08
4.51349e-08
3.27193e-08
1.47453e-08
2.44485e-08
2.25145e-08
1.38692e-08
3.21213e-08
2.14096e-08
3.29778e-08
3.83959e-08
1.50457e-08
3.34234e-08
1.58766e-08
5.8583e-08
6.02783e-08
3.76751e-08
3.5258e-08
3.72417e-08
3.80909e-08
3.16694e-08
5.5096e-08
3.60031e-08
3.97588e-08
3.49631e-08
5.41649e-08
5.31403e-08
4.40052e-08
4.21561e-08
3.70506e-08
2.31807e-08
4.02224e-08
1.38956e-09
3.98319e-08
3.97518e-08
3.95024e-08
3.82008e-08
3.59084e-08
3.82808e-08
1.1156e-08
8.50259e-09
3.89669e-08
3.70714e-08
2.94383e-08
2.79707e-08
2.77107e-08
3.72426e-08
3.98094e-08
4.00526e-08
4.83655e-08
4.03114e-08
4.83523e-08
4.00793e-08
4.22231e-08
9.2891e-09
4.21778e-08
1.69697e-08
4.86801e-08
3.60258e-08
1.93206e-08
2.06879e-08
4.88489e-08
1.69604e-08
4.85546e-08
4.84213e-08
9.07973e-09
4.90819e-08
2.42607e-08
3.31975e-08
4.21224e-08
4.91029e-08
6.07351e-08
3.34202e-08
3.97108e-08
4.17606e-08
4.23249e-08
5.52277e-08
6.11907e-08
4.20716e-08
4.8652e-08
5.54162e-08
4.41186e-08
3.73558e-08
2.0019e-08
5.00615e-08
3.98798e-08
4.50831e-08
4.01097e-08
4.69318e-08
5.0693e-08
3.39596e-08
4.26403e-08
1.65021e-08
3.48173e-08
2.1393e-08
1.36314e-08
5.4301e-08
5.61576e-08
4.92926e-08
5.61278e-08
4.32869e-08
2.88385e-08
5.88498e-08
4.21743e-08
3.53075e-08
3.89954e-08
1.63008e-08
2.71578e-08
1.02183e-08
2.51432e-09
1.82258e-08
2.12089e-08
2.8473e-08
1.01601e-08
2.8726e-08
5.61726e-08
2.89687e-08
2.62743e-08
2.74346e-08
2.22404e-08
2.80415e-08
4.22573e-08
2.55126e-08
1.08157e-08
2.07233e-08
1.81938e-08
1.98618e-08
3.98219e-08
5.88193e-08
1.20425e-08
4.70318e-08
3.48759e-10
8.03027e-09
3.48719e-08
1.73851e-08
4.79947e-09
1.90645e-08
2.77432e-08
5.94133e-08
1.19014e-08
9.46351e-10
1.71205e-08
6.26476e-08
6.00218e-08
4.53696e-08
6.02631e-08
1.32268e-08
2.68231e-08
2.65492e-08
5.89835e-08
3.47988e-08
1.52317e-08
5.59964e-08
1.70306e-08
6.0205e-08
5.74209e-11
2.59936e-09
1.54547e-09
3.56228e-08
6.08218e-08
6.14233e-08
6.06425e-08
6.17383e-08
5.60207e-08
6.18184e-08
5.63061e-08
3.63276e-09
5.6029e-08
6.00165e-08
6.09683e-08
5.97224e-08
3.85372e-08
3.65496e-08
5.98148e-08
3.85873e-08
5.98676e-08
5.50619e-08
5.34981e-08
5.06252e-08
2.73373e-08
2.87611e-08
4.8556e-08
4.97525e-08
5.02293e-08
5.00927e-08
5.008e-08
4.98431e-08
1.08392e-08
4.43902e-08
4.37617e-08
4.9616e-08
4.51088e-08
1.70464e-08
5.04217e-08
3.7066e-08
2.69274e-08
4.1042e-08
2.72342e-08
3.44707e-08
4.02337e-08
3.53858e-08
3.61442e-08
4.19216e-08
3.80658e-08
3.28963e-08
4.19904e-08
3.64553e-08
3.14828e-08
3.70143e-08
4.64759e-08
3.8535e-08
3.70902e-08
4.40229e-08
3.72618e-08
4.45505e-08
3.66227e-08
1.55577e-08
1.12095e-08
6.21048e-09
5.50767e-08
4.42126e-08
3.62437e-08
4.48754e-08
1.8391e-09
3.27847e-08
3.63221e-08
2.4801e-08
2.77694e-08
1.51636e-08
2.31882e-08
1.43261e-08
1.72371e-08
2.7922e-08
2.04537e-08
3.6267e-08
1.8608e-08
2.78939e-08
1.71256e-08
2.78324e-08
1.51569e-08
2.75159e-08
5.80625e-08
2.11874e-08
1.23963e-08
3.52927e-08
2.79885e-08
3.35089e-08
3.23462e-08
2.66576e-09
1.12316e-08
1.50202e-08
3.32971e-08
3.35458e-08
3.28715e-08
1.47977e-08
5.43769e-08
2.39237e-09
1.43699e-09
5.28911e-09
2.67827e-09
4.01315e-09
2.07391e-09
5.16182e-09
3.0318e-08
5.98965e-08
2.91526e-08
5.40385e-10
2.91458e-08
6.16065e-08
5.09561e-08
6.15949e-08
5.08769e-08
6.15682e-08
3.15555e-08
2.46696e-09
2.6671e-08
1.87742e-08
2.93377e-08
2.97191e-08
1.86528e-08
1.06904e-10
2.39919e-08
4.28023e-08
5.90628e-08
1.91684e-08
2.35547e-08
4.22779e-08
2.35267e-08
3.61254e-08
3.43984e-08
2.32655e-08
3.56323e-08
5.9618e-08
1.0871e-08
1.46673e-08
8.46384e-09
2.8435e-08
5.91177e-08
2.75997e-08
1.88582e-08
1.82099e-08
1.60079e-08
1.45396e-08
1.35612e-08
1.92025e-08
1.92064e-08
1.97659e-08
6.12975e-08
4.98025e-08
3.75649e-10
1.42445e-08
1.00081e-08
1.47477e-08
1.43686e-08
9.65907e-09
1.57726e-08
9.74427e-09
6.57067e-09
4.21828e-09
3.05241e-09
1.59197e-09
9.5521e-09
5.01852e-09
4.09453e-09
5.33861e-08
1.38932e-09
5.64681e-09
4.81108e-09
4.73544e-09
4.475e-09
5.0703e-08
4.4262e-09
5.04186e-08
1.28172e-09
5.4211e-08
1.95114e-09
4.13826e-08
4.3772e-08
4.19735e-08
4.8199e-08
4.71138e-08
5.87342e-08
2.16359e-09
1.1904e-09
2.7501e-08
2.04152e-08
2.00422e-08
3.8397e-08
3.69555e-09
2.95842e-08
3.40651e-08
3.3486e-08
3.16366e-08
3.97078e-08
2.0202e-08
6.17625e-09
1.36065e-08
5.29265e-09
5.43693e-08
7.03688e-09
2.75785e-08
5.81131e-08
5.48527e-08
2.90532e-08
2.01278e-08
2.76909e-08
2.64208e-08
2.00441e-08
1.71601e-08
3.14725e-08
3.61121e-08
2.38373e-08
3.72469e-08
6.07616e-08
8.34053e-09
1.97949e-08
1.3288e-08
3.95762e-08
4.02824e-08
5.81345e-08
9.60643e-09
4.03978e-08
1.51651e-08
1.53815e-08
6.76016e-09
1.5558e-08
4.02464e-08
1.49543e-08
4.28659e-08
1.46162e-08
6.43646e-09
5.98317e-09
1.63849e-08
5.38071e-08
2.31501e-09
1.53989e-08
5.36925e-08
5.64089e-08
4.97398e-08
4.91924e-08
5.18688e-08
5.39623e-08
2.97635e-08
4.48609e-08
4.96667e-08
4.38791e-08
4.46023e-08
5.02947e-08
4.97868e-08
4.58065e-08
2.0371e-08
5.11462e-08
4.43477e-08
4.46776e-08
4.46938e-08
1.77001e-08
2.6586e-08
4.37603e-08
4.8408e-08
3.98431e-08
4.12214e-08
2.96266e-08
6.91304e-09
5.08564e-08
1.428e-08
3.95971e-08
4.81412e-08
1.53524e-08
3.82652e-08
1.54691e-08
4.90774e-08
3.74483e-10
1.77741e-09
1.54979e-08
1.49394e-09
5.84581e-08
4.84236e-08
3.00857e-08
2.99336e-08
2.01921e-08
6.11817e-08
6.20519e-08
5.01876e-08
4.14443e-08
2.93337e-08
1.98665e-08
5.0548e-08
5.46266e-08
5.5169e-08
4.97827e-08
5.01223e-08
1.98046e-08
4.65448e-08
2.38271e-08
3.83136e-08
4.14956e-08
1.8543e-08
4.06007e-08
5.62575e-08
2.0285e-08
5.72676e-08
5.73567e-08
2.93866e-08
5.74754e-08
2.68629e-08
1.97322e-08
5.29141e-08
5.31299e-08
2.17534e-08
2.93731e-08
1.25644e-08
1.5131e-08
1.69711e-08
1.34738e-08
1.51685e-08
1.29497e-08
2.96791e-08
1.27688e-08
5.45749e-10
2.62326e-08
1.23688e-09
1.04901e-08
1.41804e-08
1.41111e-08
2.40066e-09
2.65359e-08
9.44253e-10
5.46122e-10
2.58078e-09
2.63741e-08
2.66085e-08
2.9416e-08
4.77878e-10
5.85149e-08
6.72961e-09
5.75632e-08
5.06746e-08
5.82575e-08
5.81099e-08
5.44903e-08
5.82181e-08
5.29708e-08
3.42711e-09
5.00106e-08
5.78329e-08
6.18206e-08
3.50186e-10
4.74778e-08
6.01342e-10
5.36619e-08
2.98521e-10
4.98245e-08
4.13926e-08
1.27565e-08
4.81095e-08
5.40955e-08
6.14372e-08
6.80849e-09
6.17626e-08
4.39852e-08
4.27426e-08
3.41073e-08
6.94922e-09
2.0902e-08
4.23092e-08
1.27713e-08
4.06008e-08
3.98258e-08
4.87899e-08
4.7512e-08
6.12986e-08
3.53998e-08
1.08795e-08
6.15329e-08
1.03639e-08
5.94088e-08
5.12245e-08
4.53843e-08
6.07638e-08
4.26362e-08
4.32778e-08
4.40219e-08
2.14649e-08
4.35137e-08
5.05412e-08
5.09256e-08
2.95917e-08
2.06245e-09
2.22792e-08
4.54663e-08
1.21231e-08
2.24563e-08
5.23642e-08
1.82239e-09
2.31506e-08
2.34024e-08
3.74596e-08
4.21765e-08
3.88096e-08
4.22222e-08
6.67801e-09
4.228e-08
3.22175e-08
2.27574e-08
3.77397e-08
7.99774e-09
2.98311e-08
3.27194e-08
3.37853e-08
6.45017e-09
3.23178e-08
2.36819e-08
3.88635e-08
3.84432e-08
1.61659e-09
3.25035e-08
3.31639e-08
3.3877e-08
3.33661e-08
4.7973e-08
1.61882e-08
5.21398e-08
4.99187e-08
1.53107e-08
1.39748e-08
1.45228e-08
3.9483e-08
2.36326e-08
3.45585e-08
3.3614e-08
3.4792e-08
2.97645e-08
2.79876e-08
2.86021e-09
3.49501e-09
2.97784e-08
2.38078e-08
1.12677e-08
5.20896e-08
2.06327e-08
5.95972e-08
6.02102e-08
2.79311e-08
2.69038e-08
2.45841e-08
5.53791e-08
5.51583e-08
5.71263e-08
2.52133e-08
6.1706e-08
5.61995e-08
5.15768e-08
2.74192e-08
2.20257e-08
2.68763e-08
3.40189e-08
5.05555e-08
2.16069e-08
2.26094e-08
4.46939e-08
5.10535e-08
2.97029e-08
2.25559e-08
5.09764e-08
3.37766e-08
5.16102e-08
2.56826e-08
3.5877e-08
3.47409e-08
3.07706e-08
2.74725e-08
2.76964e-08
4.67974e-08
4.68044e-08
2.51669e-08
2.79589e-08
4.56872e-08
3.70427e-08
2.20606e-08
4.40526e-08
2.21176e-08
2.20305e-08
2.59733e-08
3.31441e-08
4.2189e-08
1.68618e-08
3.68604e-09
1.79093e-09
4.23062e-08
2.18004e-09
2.22714e-08
1.06419e-08
1.07624e-08
1.05123e-08
1.09717e-08
4.96765e-09
1.79019e-09
5.04665e-09
5.40174e-08
3.55942e-08
5.46752e-09
2.60823e-08
5.19953e-08
4.6054e-08
5.44661e-08
2.04935e-09
2.84704e-08
2.59538e-08
1.62699e-09
5.66142e-09
1.69993e-08
4.73704e-08
1.71447e-08
4.95381e-08
2.86479e-08
5.95747e-08
1.71553e-08
4.5156e-08
2.87579e-08
5.99682e-09
5.34815e-09
3.5285e-08
4.74558e-08
5.75659e-08
3.48869e-08
4.0241e-08
3.84094e-08
1.92858e-08
2.688e-09
1.70541e-08
2.71156e-09
3.23928e-08
8.05375e-09
1.88355e-09
2.82783e-08
3.25751e-08
3.02426e-08
8.67875e-09
4.17778e-08
2.91612e-08
2.96803e-08
2.77337e-08
3.21612e-08
4.22145e-08
2.4644e-08
2.51558e-08
6.91357e-09
8.00271e-09
1.04358e-08
3.18165e-08
1.34681e-08
9.49209e-09
1.86308e-08
9.72731e-09
5.48978e-09
9.01585e-09
5.28245e-09
5.16322e-09
5.34605e-09
1.02969e-08
3.21156e-08
4.22099e-08
8.39239e-09
6.81246e-09
3.41387e-08
5.91563e-08
5.82472e-08
5.90781e-08
5.29867e-08
5.94571e-08
1.34918e-08
5.15292e-08
9.54299e-09
3.4689e-08
3.24502e-08
4.24319e-08
5.014e-08
5.20577e-08
3.0116e-08
5.06545e-08
3.89446e-08
4.20006e-08
1.68676e-08
3.86592e-08
4.13069e-08
1.7449e-08
5.24906e-08
1.38606e-08
3.73592e-08
1.13595e-08
3.5617e-08
3.81882e-08
3.49133e-08
3.80084e-08
4.41339e-08
1.67293e-08
1.83846e-08
1.75891e-08
1.81683e-08
3.48395e-08
5.92427e-08
1.75092e-08
4.65894e-08
2.24943e-09
2.39447e-08
2.28829e-08
4.2159e-08
1.70853e-08
1.67643e-08
4.37988e-08
1.81587e-08
2.57232e-08
4.80796e-08
1.55734e-08
1.63151e-08
5.91148e-08
4.52657e-09
5.19968e-09
1.27198e-08
4.49129e-08
4.41118e-08
5.69337e-08
4.9621e-08
4.99307e-08
5.29898e-09
4.42936e-08
3.55277e-08
4.97715e-08
5.34293e-08
3.52097e-08
5.34904e-08
6.03229e-08
6.00813e-08
5.3662e-08
5.36113e-08
5.07365e-08
6.79173e-09
5.75218e-08
1.29265e-08
1.82248e-08
5.33395e-08
5.14193e-08
1.38477e-08
1.32743e-08
1.30039e-08
4.24404e-08
2.11775e-08
5.31735e-08
2.09083e-08
5.54214e-08
1.31223e-08
5.45848e-08
5.14335e-08
6.02657e-08
6.10656e-08
3.08682e-08
5.00536e-08
5.70675e-08
2.2467e-08
4.46164e-08
5.14877e-08
4.39225e-08
4.42393e-08
3.71346e-08
6.07961e-08
1.94692e-08
4.4344e-08
6.01868e-08
2.00132e-08
2.00136e-08
4.43484e-08
2.35999e-08
3.62704e-08
3.4929e-08
2.92356e-08
4.17166e-08
4.06048e-08
4.17439e-08
3.84246e-08
3.75027e-08
4.04766e-08
2.8547e-08
4.81502e-08
3.83671e-08
2.34219e-08
6.11196e-08
6.02683e-09
5.82355e-08
2.99745e-08
1.91737e-08
4.48649e-08
2.79889e-08
6.04012e-08
3.02599e-08
5.8287e-08
5.87602e-08
2.41001e-08
5.90647e-08
2.38528e-08
2.37536e-08
1.81991e-08
1.14089e-08
1.08211e-08
1.24743e-08
2.00703e-08
2.72748e-08
2.77931e-09
2.41001e-09
1.82843e-08
3.08898e-09
2.94831e-09
1.02526e-08
2.49739e-09
5.91787e-08
1.26072e-08
5.53401e-10
5.86564e-08
5.43031e-08
5.73596e-08
5.81453e-08
4.11681e-08
3.99625e-08
1.57576e-09
1.78238e-08
5.44163e-08
3.90051e-08
1.6116e-09
1.71622e-09
1.02192e-08
1.16039e-09
3.68161e-08
3.06912e-08
4.83389e-08
5.5543e-08
4.91099e-08
1.98116e-08
4.87479e-08
5.34251e-08
5.37461e-08
1.95882e-08
5.32792e-08
5.30139e-08
4.05297e-08
3.79983e-08
4.54917e-08
3.8195e-08
4.52052e-08
4.83645e-08
3.45351e-08
4.92559e-08
4.83845e-08
4.78234e-08
9.76254e-09
4.9369e-08
3.05357e-08
5.03346e-08
4.72859e-08
3.21791e-08
4.83249e-08
1.91234e-08
8.72614e-09
9.44833e-09
2.00679e-08
4.81917e-08
5.05916e-08
5.42251e-08
4.32087e-08
5.01494e-08
3.02099e-08
2.3771e-08
2.78003e-08
1.67006e-08
1.29659e-08
4.38185e-08
5.4186e-08
1.65444e-08
2.99073e-08
2.96271e-08
3.91817e-08
1.6652e-08
1.64014e-08
5.44673e-08
5.06642e-08
1.77807e-08
2.96891e-08
2.03077e-08
2.46706e-08
2.42604e-08
2.07663e-08
2.37165e-08
2.06642e-08
2.49677e-08
2.44437e-08
4.19694e-08
3.52157e-08
3.5173e-08
4.21217e-08
5.80146e-08
2.43243e-08
2.65333e-08
3.58599e-08
2.45343e-08
2.40925e-08
2.9663e-08
1.82212e-08
3.39499e-08
3.29678e-08
3.34761e-08
3.37363e-08
3.3515e-08
3.09853e-08
5.89607e-08
1.80183e-08
1.85381e-08
5.48526e-08
1.957e-08
5.63457e-08
1.74497e-08
4.13394e-08
5.67788e-08
1.55597e-09
3.54682e-08
1.90404e-08
4.81839e-08
1.88146e-08
4.87161e-08
5.14582e-08
8.69165e-09
1.00913e-08
1.62438e-08
1.06005e-08
4.07608e-08
2.90848e-08
4.84054e-08
1.32237e-09
1.03475e-08
3.1627e-08
2.18867e-09
3.63582e-08
2.14561e-08
2.09918e-09
2.47317e-08
2.09466e-08
2.68989e-08
1.61695e-08
2.61475e-08
2.00748e-08
2.53633e-08
2.16116e-08
3.27439e-08
2.55817e-08
2.11576e-08
1.31623e-08
4.1638e-08
1.60926e-08
1.63238e-08
4.16468e-08
3.53792e-10
8.25101e-10
1.87656e-08
2.32411e-08
1.01284e-08
2.39942e-08
4.15712e-08
6.18399e-08
5.92631e-09
1.23562e-08
1.11363e-08
6.92285e-09
8.10892e-09
6.17296e-08
1.09661e-08
1.23359e-08
8.00173e-09
5.54201e-08
1.26835e-08
7.52941e-09
4.15767e-08
3.22163e-08
5.58271e-08
5.30216e-08
1.98261e-08
6.15275e-08
5.65389e-08
3.22157e-08
2.90404e-08
2.92016e-08
4.95707e-08
2.79245e-08
3.78336e-08
5.13167e-08
4.79133e-08
7.35828e-09
1.65951e-08
8.03623e-09
1.65073e-09
3.7505e-08
8.60394e-09
4.01559e-08
4.17896e-08
4.61761e-08
4.99924e-08
2.7165e-09
2.53695e-09
4.97567e-08
1.83597e-09
4.65719e-08
8.61885e-09
4.98445e-08
9.64928e-09
1.14588e-08
2.3612e-09
4.96117e-08
3.96176e-09
3.57246e-08
5.0124e-08
2.14118e-08
1.26087e-08
4.7089e-08
2.21429e-08
4.73907e-08
1.25879e-08
3.59152e-08
6.03385e-08
5.01209e-08
1.62028e-08
1.64765e-08
1.55865e-08
5.01864e-08
3.50192e-08
3.77621e-08
2.77821e-08
3.06757e-08
3.11638e-08
2.66385e-08
2.60369e-08
1.58875e-08
1.56626e-08
3.73233e-08
3.52288e-08
2.35033e-08
1.32675e-08
3.05502e-08
4.71708e-08
1.6069e-08
5.35869e-09
5.32518e-09
5.36318e-09
6.01347e-10
7.50316e-09
7.27782e-09
7.94516e-09
5.19003e-09
4.69917e-08
5.41175e-09
6.22938e-08
4.96195e-09
7.68623e-09
5.366e-08
4.59539e-08
6.03745e-09
6.34093e-09
5.0801e-08
4.81024e-08
5.30118e-08
5.3445e-08
3.03467e-08
3.0059e-08
3.34485e-09
1.18297e-08
2.14303e-08
2.43266e-08
1.05516e-08
1.2342e-08
2.43697e-08
3.01928e-08
3.78164e-09
2.15901e-08
3.48838e-08
5.30231e-08
4.67196e-08
8.46617e-09
3.46674e-08
2.78867e-08
4.27524e-09
3.44845e-08
4.67379e-08
2.5118e-08
2.18641e-08
2.05825e-08
3.30233e-09
6.15913e-08
3.40207e-09
4.17136e-08
3.25318e-09
4.092e-08
1.1992e-08
8.17437e-10
7.37064e-10
6.06485e-08
1.33487e-09
2.88336e-08
2.98416e-09
6.07188e-08
6.0775e-08
4.05299e-09
2.69803e-08
2.71411e-08
5.66812e-08
1.3109e-08
2.68647e-08
6.08272e-08
5.74575e-08
2.70343e-08
3.88131e-08
2.19547e-08
3.062e-08
5.42946e-08
5.4338e-08
2.00817e-08
2.10591e-08
2.1277e-08
4.99583e-08
1.7661e-08
2.22418e-08
4.16706e-08
2.16461e-08
1.87448e-08
2.22872e-08
1.73779e-08
1.71636e-08
1.44634e-08
4.13186e-08
4.46829e-08
5.64586e-08
2.25046e-08
2.33282e-08
2.28072e-08
4.06517e-08
6.04255e-09
6.16061e-08
5.99002e-09
5.66479e-09
1.70674e-08
6.15644e-08
6.16994e-08
2.97114e-08
2.77221e-08
2.68963e-08
4.57891e-08
3.77958e-08
3.87821e-08
4.76966e-08
3.38655e-08
3.31059e-08
3.36483e-08
2.3099e-08
3.34938e-08
5.58713e-08
3.22063e-08
3.90005e-08
3.91277e-08
5.6049e-08
4.61141e-08
6.20125e-08
3.71423e-08
3.13715e-08
3.90771e-08
5.05955e-08
5.06129e-08
5.2464e-08
2.26556e-08
5.74368e-08
2.91408e-09
2.65466e-09
4.3786e-08
3.77504e-08
5.05761e-08
5.06794e-08
4.60385e-08
5.02505e-08
2.26135e-09
4.35697e-09
3.35673e-09
3.99997e-09
6.13202e-08
5.93451e-09
4.70675e-08
3.97838e-09
4.75407e-08
5.81354e-08
5.79319e-08
2.32367e-08
4.72373e-08
4.73226e-08
4.20601e-08
2.4819e-08
6.17715e-08
2.48989e-08
2.46582e-08
2.42884e-08
1.45268e-08
3.78886e-08
4.15296e-08
2.48969e-08
3.65426e-08
1.61221e-08
3.80832e-08
2.77254e-08
3.72297e-08
2.06451e-09
1.49703e-09
3.72156e-08
2.7728e-08
1.45447e-08
3.86014e-08
1.45791e-08
3.89359e-09
3.29986e-08
3.69034e-09
2.83717e-08
2.42851e-09
2.87416e-08
4.40231e-08
2.84662e-08
4.20353e-08
2.86083e-08
4.31625e-08
1.75414e-09
5.50298e-08
4.40016e-08
1.47935e-08
4.39267e-08
4.55016e-08
4.38367e-08
2.46765e-08
2.44635e-08
4.68242e-08
5.29446e-09
5.1513e-09
6.08182e-09
3.6566e-08
5.8067e-09
5.7916e-08
1.54132e-08
2.75658e-08
9.29909e-09
6.15886e-09
2.74919e-08
1.52941e-08
8.48879e-09
5.312e-08
1.54473e-08
1.51966e-08
1.5345e-08
1.01366e-08
5.82772e-08
5.90897e-08
2.76197e-08
5.77936e-08
3.07035e-08
5.89768e-08
3.2801e-08
3.30842e-08
3.37573e-08
1.01241e-08
6.97831e-09
5.76556e-08
2.43398e-08
2.76153e-08
2.73794e-08
5.05147e-08
2.87289e-08
2.45421e-08
2.90328e-08
4.62417e-08
5.90107e-08
4.7204e-09
5.70723e-08
2.98438e-09
6.04659e-09
5.08172e-08
5.19568e-08
4.55447e-08
4.38273e-09
5.07263e-08
2.3857e-09
5.48071e-08
9.94895e-09
4.11536e-08
4.43515e-08
3.96343e-08
1.45454e-09
3.61739e-08
3.99083e-08
3.9207e-08
3.97639e-08
3.75884e-08
3.89918e-08
3.96808e-08
3.71643e-08
3.8716e-08
2.28921e-08
3.59295e-08
8.80343e-09
5.79654e-08
6.99193e-09
2.76728e-08
5.77457e-08
1.42426e-08
5.77121e-08
1.57021e-08
5.79176e-08
2.30829e-08
1.06532e-08
5.79608e-08
1.11898e-08
4.62773e-08
2.22466e-08
4.01558e-08
3.32943e-08
3.35226e-08
3.48567e-08
3.29848e-08
3.75143e-08
3.40248e-08
5.11478e-08
2.4235e-08
4.4618e-09
6.89351e-09
3.73041e-08
5.07636e-09
3.73538e-08
9.14172e-09
1.82097e-08
3.24803e-08
3.5547e-08
3.55237e-08
3.45331e-08
2.51456e-10
9.8978e-09
1.91871e-08
2.06893e-08
5.98911e-08
6.07287e-08
2.47511e-08
3.50821e-08
2.78187e-08
2.76828e-08
2.89473e-08
2.79445e-08
5.91494e-08
6.02354e-08
4.39681e-10
4.94794e-08
2.82437e-08
1.32684e-08
4.95718e-08
4.51108e-08
5.0917e-08
3.58594e-08
4.3986e-08
4.363e-08
4.28446e-08
5.03577e-08
4.74001e-08
4.5199e-08
1.11794e-08
1.14214e-08
2.42634e-08
5.38178e-08
5.77113e-08
4.03747e-08
2.75948e-08
2.2996e-08
2.83416e-08
1.45077e-08
5.57729e-08
2.32493e-08
2.96407e-08
4.06898e-08
2.36623e-08
4.29538e-08
4.06632e-08
4.27916e-08
9.84715e-09
4.24092e-08
4.29175e-08
9.80552e-09
1.11071e-08
5.61455e-08
9.71784e-09
5.05024e-08
5.14606e-08
1.14751e-08
2.83824e-08
5.23543e-08
3.36461e-08
1.40722e-08
1.47579e-09
7.37749e-09
5.10297e-08
5.09465e-08
1.2544e-08
1.76727e-08
5.0747e-08
5.07925e-08
3.40385e-08
2.05617e-08
2.10985e-08
1.31406e-08
2.21933e-08
5.54174e-08
1.00329e-08
1.36047e-08
2.49886e-08
2.06232e-08
2.14271e-08
1.04069e-08
2.44907e-08
2.48111e-08
2.567e-09
5.8442e-08
2.43486e-08
5.81619e-08
5.86302e-08
5.83102e-08
5.39673e-08
2.7532e-08
2.76139e-08
1.1294e-08
5.35169e-08
3.25646e-08
2.881e-08
3.40755e-08
4.53403e-08
2.75896e-08
3.38334e-08
3.72217e-08
1.10529e-08
4.15454e-08
2.81428e-09
3.92913e-08
3.91733e-08
8.6355e-10
5.64866e-10
3.02412e-10
3.89744e-08
4.14832e-08
2.97733e-08
5.99336e-08
3.0725e-08
1.0579e-08
2.78447e-08
2.81424e-08
8.83594e-09
5.55616e-08
5.47574e-08
2.2433e-08
4.2279e-08
5.48653e-08
1.12254e-08
5.50417e-08
1.84577e-08
2.36824e-08
2.26618e-08
3.72702e-08
2.16278e-08
1.71815e-08
1.82511e-08
1.71648e-08
1.26198e-08
1.24526e-08
1.21257e-08
4.01888e-08
4.09825e-08
1.25808e-08
5.45576e-08
3.57825e-08
1.12354e-08
4.33928e-08
4.32264e-08
1.12146e-08
3.73715e-08
3.21256e-08
5.8467e-08
3.34779e-08
4.18754e-08
4.386e-09
3.32986e-08
2.62926e-10
5.25167e-08
4.09186e-08
4.36507e-08
4.42883e-08
4.2899e-08
4.25847e-08
4.0096e-08
4.34071e-08
2.25849e-08
4.26558e-08
4.01541e-08
5.57703e-08
2.68506e-08
2.73564e-08
2.73242e-08
2.42754e-09
1.65113e-08
3.37646e-08
3.34717e-08
1.55918e-08
3.35368e-08
2.04079e-08
3.37561e-08
2.75451e-08
4.70157e-08
6.05733e-09
6.01754e-09
1.79187e-08
1.75572e-08
5.9946e-09
1.75093e-08
3.09804e-08
3.29198e-08
4.51331e-08
4.4592e-08
1.36216e-08
1.71183e-08
1.36738e-08
5.99351e-08
3.408e-08
1.38877e-08
8.59559e-09
8.5429e-09
5.22133e-09
3.70844e-08
4.64337e-08
6.67447e-09
3.22036e-08
5.51966e-09
8.59018e-09
3.12537e-08
3.59896e-08
4.65455e-08
6.78698e-09
4.70067e-08
2.71735e-08
8.70012e-09
4.73907e-08
6.09081e-09
2.73438e-08
5.86962e-09
5.06867e-08
5.95974e-09
6.02548e-08
8.638e-09
3.89792e-08
4.55606e-08
5.11882e-08
4.76082e-08
5.28444e-08
4.09334e-08
3.0436e-08
1.54684e-08
5.00754e-08
4.92906e-08
2.59221e-08
4.03936e-08
4.98985e-08
4.44849e-09
1.19259e-08
3.4983e-08
3.21676e-09
2.05909e-08
8.62424e-09
2.03902e-08
6.50837e-09
4.57642e-09
2.54146e-09
5.21252e-08
2.03595e-08
5.69168e-08
2.09469e-08
2.09686e-08
2.01792e-08
2.0568e-08
2.04558e-08
5.12278e-08
4.52606e-08
2.67689e-09
4.41995e-08
1.72689e-09
4.37518e-08
2.07488e-08
2.1371e-08
1.99454e-08
2.50851e-09
3.22663e-08
4.2022e-08
3.07976e-09
2.79869e-08
4.21288e-08
3.47265e-08
3.57094e-08
5.4495e-08
5.46421e-08
1.92757e-08
3.68735e-08
2.7824e-08
2.86322e-08
5.74331e-08
3.62096e-08
2.9716e-08
4.79996e-08
3.65825e-08
3.58377e-08
2.95884e-09
2.78097e-08
4.87868e-08
2.73486e-08
4.32833e-08
1.60967e-08
1.63857e-08
1.54441e-08
2.27708e-08
5.00554e-08
4.9771e-08
7.16498e-09
5.01247e-08
7.42899e-09
3.29191e-08
5.55062e-08
4.97256e-08
3.64114e-09
6.71261e-09
3.72106e-09
3.18713e-08
2.13583e-08
1.9942e-08
5.71728e-08
6.12464e-08
3.05022e-08
5.48825e-08
3.04495e-08
3.03164e-08
1.32766e-08
2.98739e-08
3.85362e-08
2.99596e-08
1.38867e-08
5.00407e-08
2.46636e-08
4.24752e-09
2.69739e-09
3.35735e-09
5.50393e-08
2.51338e-08
3.49329e-09
5.61569e-08
5.54619e-08
5.01851e-08
5.25082e-08
2.65378e-09
5.01073e-08
4.99317e-08
8.78216e-09
4.15177e-09
5.17304e-08
8.60882e-09
3.88207e-09
1.56874e-08
1.41384e-08
1.42428e-08
4.67736e-08
4.6174e-08
4.10225e-09
1.42476e-08
4.54913e-08
5.69237e-08
3.553e-08
4.52706e-08
3.51257e-08
4.9601e-08
4.45514e-08
4.03966e-08
3.53083e-08
3.92423e-08
3.80622e-08
3.45228e-08
4.86671e-08
6.23271e-08
3.94315e-08
2.11391e-08
3.07528e-08
3.7333e-08
4.95208e-08
5.80298e-08
5.81299e-08
6.15363e-08
4.35703e-09
1.63652e-08
4.82241e-08
2.1065e-08
1.64371e-08
3.15974e-08
4.3601e-08
2.76081e-08
2.95501e-08
4.37374e-08
4.3992e-08
5.93362e-08
4.40468e-08
1.50906e-08
4.41835e-08
4.35363e-08
1.14099e-08
1.40626e-08
9.92674e-09
4.36476e-08
1.93353e-08
1.20697e-08
3.65237e-09
5.74653e-09
1.71369e-09
1.18588e-08
3.34092e-08
1.12178e-08
1.15655e-08
5.54974e-08
5.59207e-08
5.37127e-08
3.35083e-08
1.05111e-08
1.51285e-09
4.19542e-08
2.08648e-08
4.26594e-08
5.95346e-09
1.86308e-09
3.85621e-08
3.79252e-08
6.01988e-09
3.84606e-08
1.43417e-09
3.65793e-08
4.02045e-09
2.07576e-09
3.72336e-08
3.73408e-08
5.24822e-08
5.22603e-08
2.69634e-08
2.42121e-08
5.23444e-08
2.54504e-08
2.71022e-08
5.26822e-08
1.85864e-08
2.70318e-08
2.36456e-08
6.20618e-09
1.74019e-08
1.76526e-08
4.21956e-08
3.71878e-08
3.67917e-08
5.04374e-08
4.32473e-08
4.39729e-08
5.06108e-08
4.43303e-08
5.94024e-09
5.01998e-08
1.61604e-08
6.50131e-09
2.73032e-08
2.71699e-08
1.65702e-08
4.4208e-08
1.06711e-08
5.1039e-08
1.32538e-08
1.37259e-08
1.35982e-08
5.01396e-08
1.02232e-08
6.06766e-08
1.41034e-08
2.71234e-08
1.39178e-08
1.45693e-08
1.57892e-08
1.617e-08
1.60587e-08
2.69605e-08
9.75318e-11
1.62977e-08
1.65012e-08
2.34374e-08
2.36747e-08
2.41921e-08
1.38895e-08
3.91965e-09
1.37609e-08
-1.04532e-10
1.37239e-08
6.14803e-08
2.05757e-08
1.38674e-08
1.27801e-08
3.79174e-08
2.83567e-08
1.21242e-08
5.26773e-08
2.74571e-08
5.74131e-08
5.65662e-08
1.14886e-08
5.33679e-08
3.17924e-10
2.73951e-08
2.26132e-08
5.6189e-08
5.57458e-08
2.73483e-08
3.44124e-08
5.52871e-08
5.76979e-08
2.24811e-08
4.55741e-09
1.50731e-08
4.22487e-08
4.02189e-08
4.23071e-08
5.59746e-08
5.06025e-08
5.80989e-08
5.79694e-08
5.73801e-08
3.71056e-08
3.67835e-08
3.7565e-08
5.72072e-08
3.45024e-08
3.40924e-08
4.66004e-08
1.38952e-08
3.12899e-08
3.37929e-08
4.64843e-08
3.36308e-08
4.40315e-09
5.68298e-08
5.68084e-08
3.11289e-08
3.51364e-08
5.7361e-08
1.1131e-08
2.69881e-08
5.3856e-08
5.42155e-08
2.23331e-08
2.37644e-08
5.38028e-08
2.45429e-08
2.52708e-08
5.72968e-08
5.70712e-08
2.76874e-08
2.06706e-08
4.8489e-08
4.85145e-08
1.59014e-08
2.08157e-08
1.6437e-08
9.06958e-09
2.44386e-08
4.79964e-08
1.34281e-08
1.5904e-08
1.02939e-08
1.03076e-08
4.89324e-08
2.67866e-08
1.42032e-08
9.34182e-09
5.35046e-08
2.08048e-08
5.53024e-08
9.50665e-09
5.87454e-09
5.17228e-09
5.91656e-09
5.73699e-09
7.15341e-09
5.32208e-09
5.94202e-08
4.89545e-08
6.57229e-09
5.91687e-08
5.82557e-08
1.95314e-08
5.83795e-08
3.63877e-09
5.91118e-08
5.89778e-08
1.68296e-09
1.25569e-08
5.99312e-08
6.13474e-08
6.0667e-08
1.18399e-08
4.85795e-08
1.23063e-08
6.00707e-08
6.03146e-08
4.52082e-08
4.5528e-08
6.11286e-08
6.06425e-08
2.98212e-08
1.21485e-08
2.902e-08
2.24816e-08
4.61242e-08
4.44203e-08
3.01144e-08
4.47614e-08
4.44378e-08
4.11271e-08
4.42733e-08
4.43658e-08
3.94113e-08
3.70347e-08
1.25414e-08
3.29592e-08
2.05792e-08
1.7558e-08
5.88542e-08
6.03552e-08
3.03999e-08
3.27618e-08
3.28763e-08
1.70073e-08
1.45689e-08
3.2398e-08
2.30909e-09
3.24158e-08
1.7235e-08
7.63371e-09
3.20922e-08
1.68899e-08
1.70094e-09
4.45655e-09
4.46907e-09
4.39551e-09
1.81609e-09
2.10639e-08
2.1439e-09
4.89834e-08
5.832e-08
2.09857e-08
2.24611e-08
2.24511e-08
2.16112e-08
5.20177e-08
5.36287e-08
5.44771e-08
5.48586e-08
2.16132e-08
2.15998e-08
2.23967e-08
4.9759e-08
5.2713e-08
2.23441e-08
4.12262e-08
4.52535e-08
1.90099e-08
2.30462e-08
2.07529e-08
4.55083e-08
2.23214e-08
2.24608e-08
1.26134e-08
4.04123e-08
1.00383e-08
1.66099e-08
4.19158e-08
1.83821e-08
1.91672e-08
3.8338e-08
3.90505e-08
3.70317e-08
3.60293e-08
1.75407e-08
1.54137e-08
1.56874e-08
3.09334e-08
3.01051e-08
5.07634e-09
1.48422e-08
5.49717e-08
1.66258e-08
1.64111e-08
2.61947e-08
1.81705e-08
4.07985e-08
4.07929e-08
1.72299e-08
1.78035e-08
2.22581e-08
3.10006e-08
1.65353e-08
2.06416e-08
2.18324e-08
1.84956e-08
1.35574e-08
3.83752e-08
2.02035e-08
4.68667e-08
4.76617e-08
5.63046e-08
1.74302e-08
5.64448e-08
1.30649e-08
5.54717e-08
1.40333e-08
5.60159e-08
1.23506e-08
1.33912e-08
1.34205e-08
4.73991e-08
9.28083e-09
1.30116e-08
2.63239e-08
9.73147e-09
4.66235e-08
8.66432e-09
4.72215e-08
2.99351e-08
7.91459e-09
2.58391e-10
4.38441e-08
3.58751e-09
4.44497e-08
2.4813e-08
2.55908e-10
2.92592e-08
5.73189e-08
5.14395e-08
5.67037e-08
1.14546e-08
1.67385e-08
9.6323e-09
1.65522e-08
4.75134e-08
1.64117e-08
1.64547e-08
3.92882e-08
3.99125e-08
3.74952e-08
2.89474e-08
3.59977e-08
3.92256e-08
5.26341e-08
2.91514e-08
1.62157e-08
3.91463e-08
5.35557e-09
5.30259e-09
1.6787e-08
5.59053e-09
5.4884e-09
5.51841e-09
1.18092e-08
1.26884e-08
5.37096e-09
5.92141e-09
2.95153e-08
4.98785e-08
2.97978e-08
4.72609e-08
6.23249e-09
4.97632e-08
4.69056e-08
5.99908e-08
2.42198e-08
4.61193e-08
5.9515e-08
5.86516e-08
4.53469e-08
4.63406e-08
6.89934e-09
4.63879e-08
1.84293e-08
5.96762e-09
2.52302e-08
5.39976e-08
4.7689e-08
5.903e-08
5.29301e-09
3.6248e-08
4.92353e-08
5.00874e-08
5.94563e-08
4.30461e-08
4.11351e-08
5.91657e-08
5.62061e-08
1.75004e-09
3.32764e-08
3.32383e-08
3.3598e-08
4.75227e-08
5.95775e-08
5.95419e-08
4.74218e-08
2.59522e-09
1.6345e-08
8.82202e-09
1.75085e-08
2.04339e-08
5.76043e-08
1.47571e-08
8.65908e-09
5.67886e-08
5.69421e-08
5.25325e-08
5.75457e-08
5.68143e-08
5.64749e-08
2.91639e-09
5.66024e-08
9.25245e-09
4.82357e-08
5.96202e-08
6.00116e-08
4.74351e-08
5.93492e-08
9.29683e-09
2.01021e-08
9.34271e-09
4.88932e-08
5.29025e-08
4.817e-08
4.90494e-08
5.46525e-08
9.02079e-09
5.5722e-08
5.07867e-08
4.44542e-08
5.23477e-08
4.45725e-08
3.97382e-08
4.56084e-08
4.90651e-08
4.55099e-08
4.44101e-08
4.75524e-08
4.71847e-08
4.92961e-08
8.86704e-09
4.52573e-08
1.3506e-09
1.07231e-09
1.80649e-09
1.50862e-09
1.87212e-09
1.6684e-09
1.06495e-09
1.34334e-09
1.53904e-09
1.31212e-09
1.21217e-08
3.58268e-08
2.29282e-08
4.08056e-08
2.65683e-08
2.29591e-08
3.2869e-08
4.06554e-08
2.23866e-08
3.98962e-08
3.0351e-08
3.89749e-08
1.78861e-08
2.78346e-08
3.99704e-08
1.70866e-08
7.22619e-09
1.75981e-08
2.30432e-08
1.81196e-08
3.5195e-08
1.79915e-08
1.73593e-08
1.77641e-08
1.87206e-08
2.8737e-08
2.85375e-08
2.90283e-08
1.71173e-08
7.45651e-09
7.58258e-09
1.49156e-08
1.96119e-08
5.8173e-09
1.0815e-08
5.65474e-09
5.78775e-09
5.36296e-09
5.81258e-09
5.87116e-09
5.57925e-09
5.27339e-09
1.7056e-08
7.18244e-09
1.57119e-08
1.7608e-08
4.33239e-08
5.28949e-09
4.24726e-08
1.64329e-08
3.37154e-08
4.40673e-08
1.01576e-08
3.1479e-08
2.98703e-08
3.14283e-08
3.17623e-08
2.69823e-08
2.73116e-08
1.48897e-08
2.21102e-08
2.0359e-08
1.61875e-08
1.20772e-08
1.85309e-08
9.74112e-09
9.80218e-09
2.79485e-08
1.33208e-08
1.06617e-08
1.85856e-08
2.04417e-08
3.06295e-08
1.16709e-08
1.00332e-09
1.42115e-10
3.11435e-08
2.36916e-08
1.51147e-09
1.59249e-08
1.21653e-08
5.26492e-08
5.04994e-08
2.08186e-08
4.29707e-08
3.01132e-08
4.59293e-08
4.55477e-08
1.54942e-08
3.7695e-08
4.51272e-08
4.73709e-08
3.76202e-08
1.26004e-08
3.81247e-08
5.76317e-08
2.59293e-08
2.7501e-08
1.23249e-08
3.73837e-08
3.72593e-08
2.85455e-08
2.838e-08
2.62294e-08
2.70464e-08
3.73609e-08
1.34467e-08
4.72988e-08
3.75245e-08
3.79654e-08
3.71762e-08
3.7582e-08
3.70847e-08
3.08567e-08
1.61793e-08
5.22634e-08
3.59899e-08
3.75591e-08
1.6025e-08
1.64752e-08
3.70063e-08
3.58742e-08
8.93785e-09
1.1543e-08
8.55365e-09
1.17385e-08
8.84426e-09
1.3053e-08
8.6268e-09
4.48776e-08
1.94354e-09
4.08361e-08
4.46158e-08
9.17084e-10
4.44796e-08
7.80314e-10
1.50746e-09
4.51544e-08
4.48065e-08
4.54291e-08
5.06227e-08
5.86486e-08
5.94758e-08
5.38693e-08
5.49564e-08
3.10691e-08
4.35613e-08
4.98588e-08
4.09716e-08
4.9802e-08
4.65503e-08
5.05541e-08
4.64091e-08
5.10002e-08
4.17337e-08
4.04531e-08
4.97204e-08
4.99225e-08
5.80953e-08
5.82588e-08
5.82027e-08
5.86513e-08
3.69717e-08
3.50324e-08
5.85773e-08
3.15055e-08
3.18174e-08
3.11024e-08
5.82673e-08
5.81954e-08
2.68009e-08
1.6133e-08
4.35148e-08
1.98107e-08
2.09849e-08
2.1098e-08
5.09647e-08
2.88586e-09
1.29367e-08
5.0817e-08
1.85346e-08
3.69019e-09
2.80653e-08
2.65044e-09
1.04756e-08
5.07611e-08
1.34743e-08
2.79292e-08
8.63973e-09
8.59237e-09
8.94144e-09
8.77936e-09
9.95293e-09
3.69457e-09
5.07628e-08
3.32617e-09
2.58225e-09
2.85961e-08
3.32573e-09
3.78474e-08
5.05454e-08
6.09746e-09
2.01435e-08
4.83492e-09
3.91965e-08
5.05393e-08
4.41093e-08
4.37606e-08
4.48488e-08
4.38001e-08
4.32462e-08
4.44477e-08
2.95149e-09
5.04883e-08
3.84634e-08
5.09495e-08
5.7053e-08
3.36635e-08
1.8412e-08
5.07714e-08
3.33854e-08
5.17243e-08
5.94449e-08
5.16743e-08
5.3168e-09
3.95961e-09
5.14861e-08
5.33501e-08
5.5018e-08
5.18109e-08
3.17297e-08
5.07129e-08
5.13102e-08
5.01589e-08
3.58103e-08
5.06944e-08
5.13092e-08
4.59937e-08
5.0656e-08
4.90747e-08
4.74511e-08
4.83708e-08
4.98503e-08
5.06763e-08
5.08628e-08
5.96843e-08
5.88026e-08
4.1788e-08
2.00479e-08
5.87055e-08
4.98799e-08
5.36822e-08
5.37313e-08
4.80307e-08
1.01766e-08
4.40646e-08
9.43884e-09
8.38353e-09
5.92379e-09
8.84939e-09
9.36708e-09
9.27677e-09
4.95806e-08
2.07131e-08
5.06357e-08
1.93003e-08
2.4473e-08
4.91416e-08
2.29639e-08
5.05961e-08
2.42113e-08
2.43081e-08
1.88462e-08
5.11282e-08
2.42277e-08
4.97178e-08
4.21854e-08
4.21983e-08
4.28164e-08
4.09618e-08
2.38634e-08
1.83601e-08
7.24224e-09
2.57499e-08
2.61994e-08
6.00452e-08
3.2904e-08
3.03412e-08
3.82688e-08
3.63882e-08
3.14165e-08
5.03047e-08
2.0506e-08
3.95946e-08
4.3636e-08
3.12642e-08
2.10074e-08
3.18486e-08
5.08055e-08
5.70774e-08
6.03948e-08
5.93803e-08
2.22958e-08
2.83546e-08
2.84745e-08
2.09832e-08
4.09576e-08
2.20697e-08
2.28298e-08
2.2771e-08
2.07637e-08
2.93801e-08
5.30915e-09
5.94691e-09
5.84116e-09
5.3672e-09
2.08612e-09
5.81476e-08
3.98688e-08
9.59549e-09
1.21734e-08
1.10981e-08
1.52363e-08
5.61681e-08
5.72149e-08
2.5953e-08
1.66465e-08
5.84154e-08
4.02949e-08
4.82878e-08
1.75846e-08
1.67564e-08
1.78852e-08
2.34165e-08
1.15561e-08
5.38086e-08
3.15327e-08
3.12289e-08
2.49646e-08
5.48772e-08
2.45641e-08
2.44113e-08
2.32682e-08
3.45016e-08
2.56009e-08
3.2843e-09
4.04714e-09
4.59112e-09
4.91117e-08
7.55912e-09
4.78095e-08
6.79294e-09
4.03594e-08
5.98523e-09
3.85388e-08
3.83024e-08
7.24587e-09
2.73736e-08
1.33857e-08
6.84194e-09
1.35786e-08
5.99145e-08
3.10615e-08
5.978e-08
1.33377e-08
2.23389e-08
3.90875e-08
5.60036e-08
4.98646e-08
1.78663e-08
1.76808e-08
6.73578e-09
2.23786e-08
4.64522e-08
6.75866e-09
2.26657e-08
2.31843e-08
5.06463e-08
4.63964e-08
5.02145e-08
5.55054e-08
5.49601e-09
6.29348e-09
5.84822e-09
3.03745e-08
5.58386e-08
3.71661e-08
3.61155e-08
3.68109e-08
3.04277e-08
1.73243e-08
3.22386e-08
5.07061e-08
3.41514e-08
4.61591e-08
5.38493e-08
3.67444e-08
5.07945e-08
4.66026e-08
3.67523e-08
5.34933e-08
4.61638e-08
4.01558e-08
5.77275e-08
8.40935e-09
5.56214e-08
9.35924e-09
5.85082e-08
5.82614e-08
4.0642e-08
5.33157e-08
4.04541e-08
5.35639e-08
5.48939e-08
4.40296e-08
5.26789e-08
4.10415e-08
4.89501e-08
5.53672e-09
4.70318e-08
5.99654e-09
4.123e-08
3.7041e-08
4.23362e-08
4.22358e-08
4.18924e-08
4.38911e-08
3.35511e-08
3.61254e-08
1.8291e-08
3.57589e-08
1.45258e-08
2.9433e-08
2.4879e-08
3.7389e-08
2.74767e-08
2.46901e-08
3.40497e-08
2.74917e-08
1.68944e-09
2.54147e-08
2.49465e-08
3.4005e-08
9.36841e-09
2.077e-09
2.21286e-09
1.60943e-08
3.63855e-08
3.70175e-08
3.65835e-08
1.59478e-08
8.45719e-09
3.65569e-08
7.98547e-09
7.74231e-09
1.00607e-08
2.51219e-08
8.09e-09
7.90488e-09
7.7228e-09
5.90331e-08
4.15955e-08
3.63677e-08
4.29718e-08
2.63029e-08
3.08865e-08
4.3939e-08
3.10944e-08
3.70249e-08
1.12911e-08
3.72716e-08
1.73446e-08
1.716e-08
4.71853e-08
5.01042e-08
3.69139e-08
2.37272e-08
5.70749e-08
4.70357e-08
5.73073e-08
3.68948e-08
5.6299e-08
1.14513e-08
1.27087e-08
1.05956e-08
1.34644e-08
5.56008e-08
1.30555e-08
3.86053e-08
3.85629e-08
5.33476e-08
5.37882e-08
5.93052e-08
5.84689e-08
5.81299e-08
5.81837e-08
6.17505e-08
2.05198e-08
5.66577e-08
2.74916e-08
4.82202e-08
5.8756e-08
5.57136e-08
4.3725e-08
5.87825e-08
5.95033e-08
4.07711e-08
3.59559e-08
4.39463e-08
2.75151e-08
4.3966e-08
5.1259e-08
2.76023e-08
5.48962e-08
1.63217e-08
1.62076e-08
4.97606e-09
2.85405e-08
5.95207e-08
3.99378e-08
4.52107e-09
4.52126e-09
5.34343e-09
1.35669e-08
3.79685e-08
2.85113e-08
1.20666e-08
3.79171e-08
5.12281e-08
4.46206e-08
1.47996e-08
3.92202e-08
2.74397e-08
4.44814e-08
4.42758e-08
5.2722e-08
3.93415e-08
5.01659e-08
5.42826e-09
5.00266e-08
5.31823e-09
5.29795e-09
3.45004e-08
5.89101e-08
5.89133e-08
3.01566e-08
6.05508e-08
2.53965e-09
1.10383e-08
3.45144e-08
3.48332e-08
5.14031e-09
4.38081e-09
3.01598e-08
5.38423e-08
5.07838e-08
5.2483e-09
5.01746e-08
5.03153e-08
4.83905e-08
3.51416e-08
4.68192e-08
4.80386e-08
4.78241e-08
4.36365e-08
4.39991e-08
2.07504e-08
6.12012e-08
3.45967e-08
1.48307e-08
4.37586e-08
3.58595e-08
5.89639e-08
4.92182e-08
5.58052e-08
4.82302e-08
1.47687e-08
4.1672e-08
2.66688e-08
2.66528e-08
2.06148e-08
2.76358e-08
2.11078e-08
3.55776e-08
2.10013e-08
4.12601e-08
3.72619e-08
2.34745e-08
3.48743e-08
1.98336e-08
1.98451e-08
3.56958e-08
2.64908e-08
2.76488e-08
6.77224e-09
2.13785e-08
6.74734e-09
6.49917e-09
2.65146e-08
1.70866e-08
2.69196e-08
3.70917e-08
4.41353e-08
3.58607e-08
1.85822e-08
2.70187e-08
1.30793e-08
1.31703e-08
1.34377e-08
1.77884e-08
4.09164e-08
3.40574e-08
3.80838e-08
4.01793e-08
1.70096e-08
1.81707e-08
1.32742e-08
5.51322e-09
3.3901e-08
1.29256e-08
4.39515e-08
1.63757e-08
4.39792e-08
4.22554e-08
1.70045e-08
1.20522e-08
1.21864e-08
7.8956e-09
7.68566e-09
3.48713e-08
5.68002e-08
7.14836e-09
3.46225e-08
1.77018e-08
5.72852e-08
3.61554e-08
3.53072e-08
5.98021e-08
2.33675e-08
2.17406e-08
2.36655e-08
5.53609e-08
5.99843e-08
5.77309e-08
3.60703e-08
2.13085e-09
1.85036e-08
2.34547e-08
2.40988e-09
5.6645e-08
5.88605e-08
6.07094e-08
4.87727e-08
1.63524e-08
1.71332e-08
8.99095e-09
8.81721e-09
5.87048e-08
5.90939e-08
3.47296e-08
6.25444e-08
6.14388e-08
5.86803e-08
6.1475e-08
4.3259e-08
5.01963e-08
6.20525e-08
4.28274e-08
5.03223e-08
5.07549e-08
3.50334e-08
1.40999e-08
2.64001e-08
4.98791e-08
4.98943e-08
5.80303e-08
2.51311e-08
2.58026e-08
2.7308e-08
4.87312e-08
5.55195e-09
2.65424e-08
2.84381e-08
2.84487e-08
5.80656e-08
2.65766e-08
2.81509e-08
3.61291e-08
2.58183e-08
4.1629e-08
4.94908e-08
3.99597e-08
8.72977e-09
5.74267e-08
5.49839e-09
6.94605e-09
1.16173e-08
4.95362e-08
5.86377e-08
4.80602e-08
8.45787e-09
4.86168e-08
4.40814e-08
7.56019e-09
5.43887e-09
1.92083e-08
1.95621e-08
4.9803e-08
5.85461e-08
5.24017e-09
5.86964e-08
3.76247e-08
3.3609e-08
3.70428e-08
3.54488e-08
4.38128e-08
1.29896e-08
5.8503e-08
4.00411e-08
4.09093e-08
4.72024e-08
4.74097e-08
4.65822e-08
5.5836e-08
4.66514e-08
3.06366e-08
3.0718e-08
3.07449e-08
3.16046e-08
3.86066e-08
4.25387e-08
4.28323e-08
2.05899e-08
3.09292e-08
4.20196e-08
5.08254e-08
4.27972e-08
7.85812e-09
7.44063e-09
7.71738e-09
3.10145e-08
8.47262e-09
5.04392e-08
7.87006e-09
4.08425e-08
4.81677e-08
4.98956e-08
4.36356e-08
1.42163e-08
1.46807e-08
5.9425e-08
5.91147e-08
2.06722e-08
3.33908e-08
2.10226e-08
1.47053e-08
1.36567e-08
3.50576e-08
1.36249e-08
2.58897e-08
4.58041e-08
3.32307e-09
2.66697e-08
3.13563e-08
2.10715e-08
4.01799e-08
3.4563e-09
4.24934e-08
4.23815e-08
4.01226e-08
3.8092e-08
2.50113e-08
2.4751e-08
3.31711e-09
2.16297e-08
2.53056e-08
2.48688e-08
2.6088e-08
2.07237e-08
2.94511e-08
2.04549e-08
1.19924e-08
3.8311e-08
2.50101e-09
2.2259e-09
5.51588e-08
7.49049e-09
8.30343e-09
1.97204e-09
2.01288e-09
5.49711e-08
2.27729e-08
2.047e-08
5.23794e-08
5.47602e-08
2.11245e-08
2.73165e-08
3.16632e-08
5.01266e-08
3.62911e-09
3.73105e-08
2.86852e-08
3.02182e-08
5.86523e-09
5.02057e-08
2.96985e-08
4.98456e-08
4.47302e-08
4.63226e-08
1.74461e-08
1.87182e-08
1.80265e-08
3.079e-08
4.50899e-08
4.58732e-08
3.42382e-08
4.35016e-08
4.61219e-08
3.31922e-08
3.69929e-08
4.08209e-08
3.84166e-09
5.28052e-08
4.62619e-08
2.08345e-08
4.6695e-08
4.40024e-08
4.45715e-08
5.53647e-08
4.11469e-08
3.62958e-08
3.63154e-08
3.69831e-08
2.05252e-08
3.69816e-08
3.65989e-08
5.8964e-08
5.8426e-08
5.92587e-08
5.93848e-08
5.78406e-08
5.80446e-08
5.86899e-08
1.93332e-08
5.8986e-08
4.37152e-08
4.58267e-08
3.23671e-08
2.21972e-08
3.1945e-08
2.09486e-08
2.12704e-08
5.08415e-08
5.58875e-10
5.03926e-08
3.23443e-08
3.1027e-08
2.97794e-08
3.74075e-08
4.39088e-08
3.2231e-08
6.07991e-08
4.95949e-08
4.46703e-08
6.66507e-09
2.76186e-08
1.98181e-08
2.19822e-08
4.45177e-08
2.28296e-08
2.31751e-08
3.7838e-09
7.05972e-09
3.20288e-09
4.18765e-08
8.47104e-09
4.21168e-08
2.6698e-08
1.91291e-08
6.05802e-08
3.36934e-08
4.39736e-08
5.8511e-08
4.78341e-08
2.67452e-08
1.05932e-08
1.37188e-08
4.95283e-08
1.7682e-09
1.8173e-08
4.80526e-08
1.13653e-09
8.79517e-09
2.52261e-09
4.81268e-08
6.07876e-08
5.06267e-08
5.84093e-08
1.64892e-08
2.75507e-08
9.93971e-09
5.42977e-08
1.65873e-08
1.0343e-08
2.73131e-08
2.64121e-08
3.89201e-09
4.97872e-08
3.61453e-08
4.08106e-09
5.40676e-09
3.84207e-08
2.39337e-08
5.73296e-08
2.27096e-08
2.30798e-08
2.37902e-08
5.14061e-08
5.38857e-08
4.89399e-08
4.38724e-08
3.84629e-08
4.15695e-08
4.42181e-09
4.76041e-08
5.63988e-08
4.23754e-08
4.06237e-08
4.31886e-08
4.81216e-08
2.4943e-08
4.28448e-08
2.22665e-08
1.6826e-08
1.61545e-08
5.65807e-08
5.67149e-08
4.21002e-08
4.83169e-08
1.63856e-08
2.92997e-08
2.12702e-08
1.47901e-08
1.28888e-08
4.13819e-08
3.08807e-08
3.07975e-08
5.2793e-08
4.76353e-08
9.59425e-09
1.0429e-08
2.59117e-08
3.88884e-08
1.06571e-08
1.01895e-08
5.64019e-08
1.01523e-08
9.99416e-09
5.37084e-08
4.70423e-09
6.03381e-08
6.06146e-08
6.05332e-08
6.06475e-08
5.6658e-08
2.75799e-08
2.84614e-08
5.37896e-08
1.61767e-08
3.99154e-08
3.29354e-08
4.00809e-08
3.98869e-08
4.22124e-08
1.44968e-08
1.64384e-08
1.6366e-08
4.34415e-08
5.83105e-08
1.95574e-08
4.33122e-08
1.34415e-08
1.58207e-08
2.97508e-08
1.47432e-08
2.95702e-08
3.53115e-08
9.40724e-09
6.10624e-08
6.15912e-08
6.09814e-08
5.95815e-08
6.11107e-08
6.11185e-08
6.01662e-08
6.12343e-08
3.35375e-08
4.92041e-08
6.00759e-08
5.00738e-08
3.51752e-08
1.4334e-08
1.86509e-08
5.62976e-08
5.61264e-08
3.8737e-08
5.0628e-08
5.11835e-08
5.12782e-08
5.11574e-08
1.85027e-08
9.27774e-09
2.93848e-08
2.94072e-08
2.54348e-08
2.45167e-08
2.524e-08
4.23638e-08
4.24985e-08
2.60267e-08
2.50569e-08
4.12416e-08
3.40244e-08
4.16636e-08
1.01938e-08
9.74259e-09
1.86488e-09
9.84791e-09
3.68102e-08
1.68367e-09
1.32652e-09
3.69229e-08
1.62911e-09
3.07952e-08
2.49753e-08
1.41962e-08
3.14569e-08
1.45418e-08
5.49587e-08
5.32015e-08
5.52673e-08
2.84121e-08
5.51177e-08
4.63913e-08
4.65607e-08
4.65835e-08
3.15205e-08
4.70258e-08
2.05483e-08
2.85782e-08
3.58289e-08
3.81813e-08
2.86325e-08
2.41833e-08
3.81485e-08
3.78653e-08
5.49347e-08
3.0545e-08
5.69114e-08
1.4373e-08
1.4223e-08
2.47751e-08
1.96652e-08
1.97079e-08
2.4881e-08
1.38955e-08
4.98836e-08
2.30349e-08
1.96017e-08
1.97018e-08
1.97949e-08
5.80289e-08
1.58019e-08
1.52581e-08
1.54717e-08
1.67264e-08
1.01096e-08
9.22018e-09
4.75259e-09
2.19039e-09
2.18371e-09
1.0082e-08
2.14844e-09
1.01708e-08
2.49277e-08
4.37419e-08
5.53732e-09
2.3959e-08
4.962e-08
5.86311e-09
5.52648e-08
6.26165e-09
2.41123e-10
2.56913e-08
5.67664e-08
1.30818e-09
9.17016e-10
2.28002e-08
6.15131e-08
2.41847e-08
5.65836e-08
1.99042e-08
5.70874e-08
2.1198e-08
1.93953e-08
1.94368e-08
6.15419e-08
5.66458e-08
5.05428e-08
5.12617e-08
6.1463e-08
6.18053e-08
6.19382e-08
5.12094e-08
5.98188e-08
5.08901e-08
1.47859e-08
1.56003e-08
1.46233e-08
5.54758e-08
5.56767e-08
4.31087e-08
1.43573e-08
5.10261e-08
2.98291e-08
3.93183e-08
1.59329e-08
4.34176e-08
1.11831e-08
2.39652e-08
2.47549e-08
4.79436e-08
1.18127e-08
5.90514e-08
5.67387e-08
4.40714e-08
4.78434e-08
3.77172e-08
2.83033e-08
3.65253e-08
5.70906e-08
9.52559e-09
4.27344e-08
4.26303e-08
3.63339e-08
4.26072e-08
2.59317e-08
3.81362e-08
2.74039e-08
2.6899e-08
2.98404e-08
3.12949e-09
3.86679e-08
2.73915e-08
5.67756e-08
2.82401e-08
3.38865e-08
3.44756e-08
3.29306e-08
1.74185e-08
1.64781e-08
3.32762e-08
1.76646e-08
1.76896e-08
8.09559e-09
9.31373e-09
9.62639e-09
1.92756e-08
3.32728e-08
1.90312e-08
1.88246e-08
3.27726e-08
3.28152e-08
4.80258e-08
5.68416e-08
5.67277e-08
4.48827e-09
3.22402e-09
2.46581e-08
1.11962e-09
2.50641e-10
4.66716e-08
5.2658e-08
4.80541e-10
6.13548e-08
9.00433e-09
8.40689e-09
9.07461e-09
2.48483e-08
8.76104e-09
1.03935e-09
1.3137e-09
1.1236e-09
1.44985e-09
4.84036e-08
5.18942e-08
1.34847e-09
9.38537e-10
5.23484e-08
5.44441e-08
5.07984e-08
5.80604e-08
4.77982e-08
2.45267e-08
5.6891e-08
5.78668e-08
4.43527e-08
4.61388e-08
4.62083e-08
4.55495e-08
2.4576e-08
3.18433e-08
2.22324e-08
1.99548e-08
3.62351e-08
5.28373e-08
4.80806e-08
3.16733e-08
3.72774e-08
4.38283e-08
3.63929e-08
4.08083e-08
3.6413e-08
3.60921e-08
6.07893e-08
3.36313e-08
6.05639e-08
4.50542e-08
4.10045e-08
3.09606e-08
3.57812e-08
1.97769e-08
4.01471e-08
3.57188e-08
3.49687e-08
5.25272e-08
5.57991e-08
5.28314e-08
2.96518e-08
2.65512e-08
2.62745e-08
2.68656e-08
1.59015e-08
2.0841e-08
2.11e-08
1.45793e-08
5.02801e-08
1.93353e-08
2.62339e-08
3.13053e-08
2.06399e-08
1.6725e-08
3.83668e-08
1.0007e-08
4.39582e-08
1.95273e-08
2.02139e-08
1.68031e-08
1.26695e-08
4.0082e-08
1.8811e-08
2.42718e-08
8.30109e-09
1.56575e-08
1.62647e-08
3.84557e-08
1.54841e-08
1.07898e-08
1.05789e-08
3.34022e-08
2.21251e-08
4.06455e-08
1.09711e-08
1.28098e-08
4.21067e-08
4.20474e-08
3.12711e-08
7.51314e-09
1.05399e-08
3.52946e-08
7.00489e-09
6.47011e-09
4.63272e-08
4.64544e-08
1.97668e-09
1.17829e-08
3.76286e-08
2.4431e-08
3.62567e-08
4.57793e-08
5.66275e-08
3.68526e-08
1.05448e-08
3.70897e-08
1.19584e-09
2.90625e-09
1.12333e-08
1.53833e-08
5.6115e-09
6.06678e-08
3.17434e-08
3.26588e-08
3.27535e-08
2.78704e-08
5.86105e-08
5.94443e-08
2.77e-08
5.55557e-09
5.44676e-08
4.81957e-08
5.39908e-08
3.30097e-08
2.83108e-08
5.41786e-08
2.80976e-08
2.82421e-08
1.13994e-08
4.57034e-08
9.79885e-09
1.54234e-08
1.42469e-08
1.56073e-08
3.27769e-08
3.23943e-08
4.33272e-08
2.89441e-08
4.46489e-08
1.93749e-08
3.24803e-08
3.2509e-08
3.818e-08
3.53769e-08
6.18176e-08
5.27807e-09
3.88171e-08
6.02183e-08
6.05785e-08
5.01926e-09
4.89898e-08
9.85541e-09
9.9784e-09
5.34818e-08
2.58532e-08
2.62389e-08
9.99623e-09
5.38766e-08
4.25849e-09
5.3382e-08
2.25907e-08
5.39154e-09
5.33052e-08
5.49792e-08
4.78367e-08
3.93393e-08
6.16389e-09
1.67963e-08
9.84073e-09
4.00863e-08
3.80945e-08
5.13776e-09
5.23114e-09
3.27852e-08
3.62313e-08
3.23731e-08
7.51197e-09
4.56081e-08
4.19962e-08
3.1863e-08
1.99145e-08
5.96468e-09
3.20424e-08
2.07522e-08
2.24953e-10
7.73678e-11
3.58813e-10
2.32723e-08
4.16264e-09
4.5012e-08
1.8131e-08
2.01809e-08
1.08146e-10
1.43073e-09
5.85365e-11
7.95783e-10
1.0299e-08
1.45529e-09
1.79851e-09
5.98401e-09
5.95364e-09
5.99545e-08
1.41607e-08
5.31933e-08
1.43079e-08
5.82041e-08
6.16731e-08
6.10286e-08
5.83047e-08
6.09706e-08
4.25981e-08
3.61993e-08
5.96351e-08
6.0262e-08
5.88061e-08
1.43606e-08
6.05377e-08
3.44245e-08
6.00466e-08
6.00726e-08
5.46891e-08
3.2254e-08
3.37784e-08
5.49472e-08
3.60603e-08
2.511e-08
6.08348e-08
2.47328e-08
6.07539e-08
5.49146e-08
1.47691e-08
4.24784e-09
1.46547e-08
1.4351e-08
5.05981e-08
6.18077e-08
5.48797e-08
6.13079e-08
6.13037e-08
2.13325e-09
5.67805e-08
2.20032e-09
8.69554e-09
3.59131e-08
5.05277e-08
4.56889e-08
5.71867e-08
1.00935e-08
4.5981e-08
4.55461e-08
4.76411e-08
4.63995e-08
4.64211e-08
8.87194e-09
4.62266e-08
4.39202e-08
4.15395e-08
8.62638e-09
4.13287e-08
3.36261e-08
4.19175e-08
4.369e-08
4.24525e-08
3.75251e-08
3.74481e-08
3.49752e-08
3.55609e-08
7.97752e-09
3.51392e-08
3.63803e-08
2.19408e-08
3.60782e-08
2.74543e-09
3.59701e-08
1.45083e-08
3.09333e-09
3.64696e-08
3.61645e-08
3.61699e-08
2.89703e-08
2.4468e-08
2.33769e-08
3.68033e-08
3.61196e-08
5.22268e-08
1.76361e-08
1.86441e-08
1.91956e-08
3.23536e-08
3.24346e-08
1.54754e-08
1.55774e-08
3.26986e-08
4.61825e-08
3.29424e-08
9.50705e-09
2.71497e-08
1.08943e-08
2.68178e-08
1.02867e-08
2.60998e-08
4.89343e-09
2.68247e-08
4.80589e-08
5.88344e-08
1.19705e-09
2.61566e-09
2.61149e-08
2.41257e-09
4.32907e-09
3.61794e-08
5.43946e-08
1.76603e-08
2.39155e-08
1.67396e-08
2.3587e-08
1.69315e-08
1.69851e-08
1.41884e-08
5.37964e-08
4.32094e-08
1.88688e-08
1.83127e-08
5.78858e-08
2.96557e-09
1.82661e-08
1.82843e-08
2.59982e-08
1.92342e-08
2.89406e-09
5.03286e-08
5.80918e-08
4.16184e-09
1.49141e-08
5.67773e-08
3.12246e-08
7.97499e-09
3.58598e-08
5.61862e-08
1.32556e-08
2.41626e-08
7.88353e-09
2.61319e-09
7.6026e-09
8.94494e-09
4.1522e-08
2.61771e-08
7.63606e-09
9.72905e-09
2.46948e-08
2.4487e-08
4.50394e-08
4.392e-09
2.45114e-08
1.75058e-08
2.54026e-09
6.00708e-10
3.58285e-09
2.05537e-08
4.64183e-09
2.90505e-09
6.03346e-08
5.28167e-08
4.1392e-08
6.06895e-08
6.19824e-08
6.13235e-08
7.53162e-09
1.75473e-08
1.27109e-09
5.7132e-08
5.23283e-08
1.81991e-08
1.78277e-08
4.59004e-08
3.02968e-08
4.22268e-08
2.60724e-09
2.97901e-08
1.73742e-08
3.3949e-08
3.7697e-08
3.7904e-08
2.02289e-08
9.79114e-09
3.56477e-08
3.60712e-08
8.01963e-09
9.5565e-09
5.69072e-08
2.80362e-08
1.40863e-09
5.38162e-08
3.52604e-08
6.01757e-09
9.73621e-09
1.02259e-08
1.07107e-08
5.73706e-09
1.69086e-08
3.76019e-08
5.9655e-08
3.57983e-08
3.59096e-08
4.778e-08
3.42146e-09
1.02582e-08
3.82704e-09
3.30845e-08
1.02008e-08
4.25016e-08
1.77151e-08
2.62389e-08
9.40306e-09
4.78056e-08
9.37712e-09
3.34243e-08
1.05133e-08
3.54724e-08
5.8174e-08
3.53607e-08
3.51154e-08
5.80964e-08
3.93848e-08
3.90858e-08
3.01107e-08
4.988e-08
2.72095e-08
4.84653e-08
5.16426e-08
5.30355e-08
3.95009e-08
5.68823e-08
6.03792e-08
2.99418e-08
2.90567e-08
2.65671e-08
4.53296e-08
3.94872e-08
4.32201e-08
3.99495e-08
4.87496e-08
3.91462e-08
3.43241e-08
4.61225e-08
3.61263e-08
3.43703e-08
3.43929e-08
3.61437e-08
4.93896e-08
8.72745e-09
3.60692e-08
3.33885e-08
4.61104e-08
5.2399e-08
1.71724e-08
2.97517e-08
3.65394e-08
3.89275e-08
2.62256e-08
2.08211e-08
4.9929e-08
5.40427e-08
2.52842e-08
8.00135e-09
8.28462e-09
2.18404e-08
2.469e-08
1.97051e-08
2.04087e-08
2.0191e-09
5.3341e-08
1.66094e-08
3.03607e-09
2.42778e-08
1.22882e-08
1.01226e-08
1.39685e-08
5.27234e-08
5.30604e-08
5.42691e-08
5.4849e-08
4.54366e-08
5.50887e-08
3.63196e-08
1.3853e-08
5.08367e-08
2.52956e-08
6.55093e-09
5.26493e-08
5.57293e-08
5.80288e-08
5.80547e-08
5.80893e-08
1.14608e-08
5.57842e-08
5.40122e-08
1.73402e-09
5.41477e-08
5.3997e-08
4.8972e-08
4.15364e-08
1.00532e-08
5.40322e-08
4.88955e-08
3.52944e-08
4.85906e-08
5.52388e-08
4.8229e-08
4.94591e-08
2.66297e-08
2.6656e-08
4.39227e-08
8.6111e-09
8.75648e-09
1.48723e-08
5.58457e-08
1.63721e-08
2.05439e-08
2.38461e-08
1.61302e-08
2.33814e-08
6.07676e-09
3.98216e-08
2.49322e-08
2.3646e-08
1.91189e-08
5.39337e-09
6.08372e-09
6.2418e-08
3.98377e-08
3.39173e-08
1.63532e-08
1.88648e-08
5.88479e-08
6.04678e-08
4.88522e-08
4.74977e-08
1.46601e-08
4.76573e-08
6.12288e-08
3.52308e-08
3.10093e-08
3.08716e-08
3.07521e-08
3.09074e-08
5.54967e-08
1.48424e-08
1.46625e-08
3.58812e-08
2.62532e-08
2.50216e-08
2.59375e-08
2.66538e-08
3.56814e-08
2.51817e-08
2.1859e-08
2.07685e-08
2.23268e-08
2.42755e-08
2.22625e-08
2.07905e-08
2.34717e-08
2.25758e-08
2.29336e-08
2.25622e-08
1.11233e-08
5.21715e-08
5.08654e-08
8.41275e-09
1.08077e-08
6.662e-11
5.05713e-08
8.87887e-09
1.64678e-08
1.64461e-08
1.07828e-08
9.48291e-09
9.53635e-09
1.12738e-08
4.16997e-09
3.16065e-09
5.97452e-09
3.9554e-09
4.72934e-09
5.13822e-09
5.0597e-09
9.19798e-09
8.99301e-09
9.04146e-09
1.30858e-08
4.58278e-08
2.31551e-09
6.08798e-09
3.26575e-09
1.73472e-09
3.82592e-10
8.37829e-09
8.06521e-09
5.61515e-08
5.70793e-08
1.49492e-08
4.5672e-08
7.76575e-09
4.70442e-08
2.35101e-09
4.79834e-08
3.06341e-09
4.59313e-08
9.16932e-09
4.83617e-08
4.57162e-08
2.11397e-09
3.25252e-08
4.37887e-09
9.86282e-09
4.28324e-08
4.21111e-08
1.8918e-08
4.22354e-08
1.90307e-08
1.96696e-08
2.00278e-09
2.28614e-08
3.77044e-08
2.09197e-09
4.61499e-08
4.97465e-08
3.84101e-08
4.60108e-09
5.53571e-08
3.33183e-08
3.1151e-08
4.63272e-08
3.10508e-08
8.96683e-09
3.39175e-09
3.20604e-08
5.0834e-08
5.44768e-08
2.92072e-08
2.42746e-08
5.40243e-08
2.33328e-08
5.55945e-08
9.17788e-09
2.63456e-08
5.14333e-08
5.16337e-08
2.58634e-08
2.64128e-08
8.8052e-09
1.91965e-08
1.91311e-08
2.01769e-08
2.606e-08
1.58922e-08
1.46871e-08
9.34451e-09
1.59781e-08
2.84676e-08
2.73335e-08
5.80143e-08
5.87144e-08
4.53361e-08
5.88587e-08
6.00389e-08
5.70609e-08
9.5772e-09
2.60914e-08
5.76889e-09
2.73215e-08
5.72991e-08
4.59624e-08
5.96752e-08
5.11227e-09
5.9157e-08
5.99235e-08
9.0311e-09
6.03889e-08
1.4998e-09
6.00018e-08
4.28253e-08
4.21654e-08
1.6028e-09
2.16481e-09
4.27164e-08
4.20711e-08
9.6604e-09
3.47942e-08
4.19466e-08
9.02937e-09
3.52157e-08
5.64616e-08
5.62725e-08
5.51558e-08
5.78432e-08
5.6025e-08
4.41622e-08
5.72495e-08
9.98331e-09
9.81505e-09
4.15317e-08
3.9254e-08
4.22265e-08
3.99118e-08
9.77064e-10
4.10662e-08
8.8296e-10
6.09372e-08
5.77301e-08
3.30217e-08
3.35892e-08
1.83809e-08
1.80931e-08
1.88465e-08
4.5854e-08
3.34889e-08
4.38001e-08
3.43133e-08
6.08724e-08
1.48096e-09
1.34625e-09
2.41717e-09
5.75985e-08
2.18921e-10
2.87716e-08
5.88472e-08
6.13028e-08
5.92793e-08
5.31978e-08
5.94328e-08
1.77932e-08
5.30976e-08
5.33847e-08
4.37977e-08
1.43072e-09
2.41004e-09
2.38523e-08
8.88366e-09
5.89049e-08
4.72198e-08
5.6013e-08
4.83194e-08
4.56402e-08
3.86508e-09
4.83392e-08
4.91936e-08
4.00151e-08
3.53378e-09
4.10806e-08
5.04405e-08
4.0029e-08
5.04652e-08
1.30775e-08
3.14962e-08
2.58529e-08
3.17241e-08
1.29833e-08
1.24414e-08
1.36842e-08
5.73635e-08
1.16452e-08
4.69127e-08
5.89943e-08
3.04364e-08
2.38877e-08
4.7242e-08
3.86679e-09
1.8872e-08
5.45049e-08
3.55415e-08
2.40128e-08
2.25384e-08
3.5957e-08
4.89282e-08
3.65054e-08
3.62845e-08
2.27276e-08
2.27373e-08
2.25753e-08
5.89805e-08
2.83605e-08
2.9534e-08
4.3564e-08
2.4525e-08
2.87408e-08
4.98917e-08
5.34879e-09
2.03592e-08
2.11202e-08
2.54875e-08
2.11333e-08
2.85602e-08
2.9947e-08
5.76995e-08
5.40418e-09
2.55101e-08
5.64357e-08
1.11107e-09
3.31755e-08
3.33953e-08
3.34255e-08
9.52977e-10
2.86241e-08
3.12849e-08
1.28257e-09
1.35715e-08
1.30226e-08
2.80728e-08
3.75778e-09
2.37883e-08
1.33039e-08
1.36867e-08
5.62854e-08
1.37087e-08
8.48434e-09
2.499e-08
1.90073e-08
3.44862e-08
2.48698e-08
3.44051e-08
2.43756e-08
5.87898e-08
2.45785e-09
3.38885e-08
2.72593e-09
5.89945e-08
5.8269e-08
5.11494e-09
1.04919e-08
6.02063e-09
3.60506e-09
3.02903e-09
2.01488e-08
2.56155e-09
2.00161e-08
3.22627e-08
1.53501e-09
2.45038e-09
3.27976e-10
2.03751e-08
5.72058e-08
3.00905e-08
2.24362e-08
2.93405e-08
3.76715e-08
2.20533e-08
2.20657e-08
4.39669e-08
4.82587e-08
3.57395e-08
2.90483e-08
3.32424e-08
3.23994e-08
2.19674e-08
2.18778e-08
3.18113e-08
4.97904e-08
5.02095e-08
5.04296e-08
1.37443e-08
4.9962e-08
3.85902e-08
2.90053e-08
4.40577e-08
1.48308e-08
4.75857e-08
2.92904e-08
2.0822e-08
4.37365e-08
4.39909e-08
1.78333e-08
1.12248e-10
2.2739e-10
6.45894e-10
1.42675e-08
1.36979e-08
1.36933e-08
2.6e-08
1.49813e-08
2.51562e-08
1.51263e-08
4.16139e-08
1.42573e-08
8.36552e-09
7.31987e-09
7.62986e-09
7.0846e-09
)
;

boundaryField
{
    inlet
    {
        type            zeroGradient;
    }
    outlet
    {
        type            fixedValue;
        value           uniform 0;
    }
    wall
    {
        type            zeroGradient;
    }
}


// ************************************************************************* //
